t gamma
0.000000 1.000000
0.000977 1.000000
0.001953 1.000000
0.002930 1.000000
0.003906 1.000000
0.004883 1.000000
0.005859 1.000000
0.006836 1.000000
0.007812 1.000000
0.008789 1.000000
0.009766 1.000000
0.010742 1.000000
0.011719 1.000000
0.012695 1.000000
0.013672 1.000000
0.014648 1.000000
0.015625 1.000000
0.016602 1.000000
0.017578 1.000000
0.018555 1.000000
0.019531 1.000000
0.020508 1.000000
0.021484 1.000000
0.022461 1.000000
0.023438 1.000000
0.024414 1.000000
0.025391 1.000000
0.026367 1.000000
0.027344 1.000000
0.028320 1.000000
0.029297 1.000000
0.030273 1.000000
0.031250 1.000000
0.032227 1.000000
0.033203 1.000000
0.034180 1.000000
0.035156 1.000000
0.036133 1.000000
0.037109 1.000000
0.038086 1.000000
0.039062 1.000000
0.040039 1.000000
0.041016 1.000000
0.041992 1.000000
0.042969 1.000000
0.043945 1.000000
0.044922 1.000000
0.045898 1.000000
0.046875 1.000000
0.047852 1.000000
0.048828 1.000000
0.049805 1.000000
0.050781 1.000000
0.051758 1.000000
0.052734 1.000000
0.053711 1.000000
0.054688 1.000000
0.055664 1.000000
0.056641 1.000000
0.057617 1.000000
0.058594 1.000000
0.059570 1.000000
0.060547 1.000000
0.061523 1.000000
0.062500 1.000000
0.063477 1.000000
0.064453 1.000000
0.065430 1.000000
0.066406 1.000000
0.067383 1.000000
0.068359 1.000000
0.069336 1.000000
0.070312 1.000000
0.071289 1.000000
0.072266 1.000000
0.073242 1.000000
0.074219 1.000000
0.075195 1.000000
0.076172 1.000000
0.077148 1.000000
0.078125 1.000000
0.079102 1.000000
0.080078 1.000000
0.081055 1.000000
0.082031 1.000000
0.083008 1.000000
0.083984 1.000000
0.084961 1.000000
0.085938 1.000000
0.086914 1.000000
0.087891 1.000000
0.088867 1.000000
0.089844 1.000000
0.090820 1.000000
0.091797 1.000000
0.092773 1.000000
0.093750 1.000000
0.094727 1.000000
0.095703 1.000000
0.096680 1.000000
0.097656 1.000000
0.098633 1.000000
0.099609 1.000000
0.100586 1.000000
0.101562 1.000000
0.102539 1.000000
0.103516 1.000000
0.104492 1.000000
0.105469 1.000000
0.106445 1.000000
0.107422 1.000000
0.108398 1.000000
0.109375 1.000000
0.110352 1.000000
0.111328 1.000000
0.112305 1.000000
0.113281 1.000000
0.114258 1.000000
0.115234 1.000000
0.116211 1.000000
0.117188 1.000000
0.118164 1.000000
0.119141 1.000000
0.120117 1.000000
0.121094 1.000000
0.122070 1.000000
0.123047 1.000000
0.124023 1.000000
0.125000 1.000000
0.125977 1.000000
0.126953 1.000000
0.127930 1.000000
0.128906 1.000000
0.129883 1.000000
0.130859 1.000000
0.131836 1.000000
0.132812 1.000000
0.133789 1.000000
0.134766 1.000000
0.135742 1.000000
0.136719 1.000000
0.137695 1.000000
0.138672 1.000000
0.139648 1.000000
0.140625 1.000000
0.141602 1.000000
0.142578 1.000000
0.143555 1.000000
0.144531 1.000000
0.145508 1.000000
0.146484 1.000000
0.147461 1.000000
0.148438 1.000000
0.149414 1.000000
0.150391 1.000000
0.151367 1.000000
0.152344 1.000000
0.153320 1.000000
0.154297 1.000000
0.155273 1.000000
0.156250 1.000000
0.157227 1.000000
0.158203 1.000000
0.159180 1.000000
0.160156 1.000000
0.161133 1.000000
0.162109 1.000000
0.163086 1.000000
0.164062 1.000000
0.165039 1.000000
0.166016 1.000000
0.166992 1.000000
0.167969 1.000000
0.168945 1.000000
0.169922 1.000000
0.170898 1.000000
0.171875 1.000000
0.172852 1.000000
0.173828 1.000000
0.174805 1.000000
0.175781 1.000000
0.176758 1.000000
0.177734 1.000000
0.178711 1.000000
0.179688 1.000000
0.180664 1.000000
0.181641 1.000000
0.182617 1.000000
0.183594 1.000000
0.184570 1.000000
0.185547 1.000000
0.186523 1.000000
0.187500 1.000000
0.188477 1.000000
0.189453 1.000000
0.190430 1.000000
0.191406 1.000000
0.192383 1.000000
0.193359 1.000000
0.194336 1.000000
0.195312 1.000000
0.196289 1.000000
0.197266 1.000000
0.198242 1.000000
0.199219 1.000000
0.200195 1.000000
0.201172 1.000000
0.202148 1.000000
0.203125 1.000000
0.204102 1.000000
0.205078 1.000000
0.206055 1.000000
0.207031 1.000000
0.208008 1.000000
0.208984 1.000000
0.209961 1.000000
0.210938 1.000000
0.211914 1.000000
0.212891 1.000000
0.213867 1.000000
0.214844 1.000000
0.215820 1.000000
0.216797 1.000000
0.217773 1.000000
0.218750 1.000000
0.219727 1.000000
0.220703 1.000000
0.221680 1.000000
0.222656 1.000000
0.223633 1.000000
0.224609 1.000000
0.225586 1.000000
0.226562 1.000000
0.227539 1.000000
0.228516 1.000000
0.229492 1.000000
0.230469 1.000000
0.231445 1.000000
0.232422 1.000000
0.233398 1.000000
0.234375 1.000000
0.235352 1.000000
0.236328 1.000000
0.237305 1.000000
0.238281 1.000000
0.239258 1.000000
0.240234 1.000000
0.241211 1.000000
0.242188 1.000000
0.243164 1.000000
0.244141 1.000000
0.245117 1.000000
0.246094 1.000000
0.247070 1.000000
0.248047 1.000000
0.249023 1.000000
0.250000 1.000000
0.250977 1.000000
0.251953 1.000000
0.252930 1.000000
0.253906 1.000000
0.254883 1.000000
0.255859 1.000000
0.256836 1.000000
0.257812 1.000000
0.258789 1.000000
0.259766 1.000000
0.260742 1.000000
0.261719 1.000000
0.262695 1.000000
0.263672 1.000000
0.264648 1.000000
0.265625 1.000000
0.266602 1.000000
0.267578 1.000000
0.268555 1.000000
0.269531 1.000000
0.270508 1.000000
0.271484 1.000000
0.272461 1.000000
0.273438 1.000000
0.274414 1.000000
0.275391 1.000000
0.276367 1.000000
0.277344 1.000000
0.278320 1.000000
0.279297 1.000000
0.280273 1.000000
0.281250 1.000000
0.282227 1.000000
0.283203 1.000000
0.284180 1.000000
0.285156 1.000000
0.286133 1.000000
0.287109 1.000000
0.288086 1.000000
0.289062 1.000000
0.290039 1.000000
0.291016 1.000000
0.291992 1.000000
0.292969 1.000000
0.293945 1.000000
0.294922 1.000000
0.295898 1.000000
0.296875 1.000000
0.297852 1.000000
0.298828 1.000000
0.299805 1.000000
0.300781 1.000000
0.301758 1.000000
0.302734 1.000000
0.303711 1.000000
0.304688 1.000000
0.305664 1.000000
0.306641 1.000000
0.307617 1.000000
0.308594 1.000000
0.309570 1.000000
0.310547 1.000000
0.311523 1.000000
0.312500 1.000000
0.313477 1.000000
0.314453 1.000000
0.315430 1.000000
0.316406 1.000000
0.317383 1.000000
0.318359 1.000000
0.319336 1.000000
0.320312 1.000000
0.321289 1.000000
0.322266 1.000000
0.323242 1.000000
0.324219 1.000000
0.325195 1.000000
0.326172 1.000000
0.327148 1.000000
0.328125 1.000000
0.329102 1.000000
0.330078 1.000000
0.331055 1.000000
0.332031 1.000000
0.333008 1.000000
0.333984 1.000000
0.334961 1.000000
0.335938 1.000000
0.336914 1.000000
0.337891 1.000000
0.338867 1.000000
0.339844 1.000000
0.340820 1.000000
0.341797 1.000000
0.342773 1.000000
0.343750 1.000000
0.344727 1.000000
0.345703 1.000000
0.346680 1.000000
0.347656 1.000000
0.348633 1.000000
0.349609 1.000000
0.350586 1.000000
0.351562 1.000000
0.352539 1.000000
0.353516 1.000000
0.354492 1.000000
0.355469 1.000000
0.356445 1.000000
0.357422 1.000000
0.358398 1.000000
0.359375 1.000000
0.360352 1.000000
0.361328 1.000000
0.362305 1.000000
0.363281 1.000000
0.364258 1.000000
0.365234 1.000000
0.366211 1.000000
0.367188 1.000000
0.368164 1.000000
0.369141 1.000000
0.370117 1.000000
0.371094 1.000000
0.372070 1.000000
0.373047 1.000000
0.374023 1.000000
0.375000 1.000000
0.375977 1.000000
0.376953 1.000000
0.377930 1.000000
0.378906 1.000000
0.379883 1.000000
0.380859 1.000000
0.381836 1.000000
0.382812 1.000000
0.383789 1.000000
0.384766 1.000000
0.385742 1.000000
0.386719 1.000000
0.387695 1.000000
0.388672 1.000000
0.389648 1.000000
0.390625 1.000000
0.391602 1.000000
0.392578 1.000000
0.393555 1.000000
0.394531 1.000000
0.395508 1.000000
0.396484 1.000000
0.397461 1.000000
0.398438 1.000000
0.399414 1.000000
0.400391 1.000000
0.401367 1.000000
0.402344 1.000000
0.403320 1.000000
0.404297 1.000000
0.405273 1.000000
0.406250 1.000000
0.407227 1.000000
0.408203 1.000000
0.409180 1.000000
0.410156 1.000000
0.411133 1.000000
0.412109 1.000000
0.413086 1.000000
0.414062 1.000000
0.415039 1.000000
0.416016 1.000000
0.416992 1.000000
0.417969 1.000000
0.418945 1.000000
0.419922 1.000000
0.420898 1.000000
0.421875 1.000000
0.422852 1.000000
0.423828 1.000000
0.424805 1.000000
0.425781 1.000000
0.426758 1.000000
0.427734 1.000000
0.428711 1.000000
0.429688 1.000000
0.430664 1.000000
0.431641 1.000000
0.432617 1.000000
0.433594 1.000000
0.434570 1.000000
0.435547 1.000000
0.436523 1.000000
0.437500 1.000000
0.438477 1.000000
0.439453 1.000000
0.440430 1.000000
0.441406 1.000000
0.442383 1.000000
0.443359 1.000000
0.444336 1.000000
0.445312 1.000000
0.446289 1.000000
0.447266 1.000000
0.448242 1.000000
0.449219 1.000000
0.450195 1.000000
0.451172 1.000000
0.452148 1.000000
0.453125 1.000000
0.454102 1.000000
0.455078 1.000000
0.456055 1.000000
0.457031 1.000000
0.458008 1.000000
0.458984 1.000000
0.459961 1.000000
0.460938 1.000000
0.461914 1.000000
0.462891 1.000000
0.463867 1.000000
0.464844 1.000000
0.465820 1.000000
0.466797 1.000000
0.467773 1.000000
0.468750 1.000000
0.469727 1.000000
0.470703 1.000000
0.471680 1.000000
0.472656 1.000000
0.473633 1.000000
0.474609 1.000000
0.475586 1.000000
0.476562 1.000000
0.477539 1.000000
0.478516 1.000000
0.479492 1.000000
0.480469 1.000000
0.481445 1.000000
0.482422 1.000000
0.483398 1.000000
0.484375 1.000000
0.485352 1.000000
0.486328 1.000000
0.487305 1.000000
0.488281 1.000000
0.489258 1.000000
0.490234 1.000000
0.491211 1.000000
0.492188 1.000000
0.493164 1.000000
0.494141 1.000000
0.495117 1.000000
0.496094 1.000000
0.497070 1.000000
0.498047 1.000000
0.499023 1.000000
0.500000 1.000000
0.500977 1.000000
0.501953 1.000000
0.502930 1.000000
0.503906 1.000000
0.504883 1.000000
0.505859 1.000000
0.506836 1.000000
0.507812 1.000000
0.508789 1.000000
0.509766 1.000000
0.510742 1.000000
0.511719 1.000000
0.512695 1.000000
0.513672 1.000000
0.514648 1.000000
0.515625 1.000000
0.516602 1.000000
0.517578 1.000000
0.518555 1.000000
0.519531 1.000000
0.520508 1.000000
0.521484 1.000000
0.522461 1.000000
0.523438 1.000000
0.524414 1.000000
0.525391 1.000000
0.526367 1.000000
0.527344 1.000000
0.528320 1.000000
0.529297 1.000000
0.530273 1.000000
0.531250 1.000000
0.532227 1.000000
0.533203 1.000000
0.534180 1.000000
0.535156 1.000000
0.536133 1.000000
0.537109 1.000000
0.538086 1.000000
0.539062 1.000000
0.540039 1.000000
0.541016 1.000000
0.541992 1.000000
0.542969 1.000000
0.543945 1.000000
0.544922 1.000000
0.545898 1.000000
0.546875 1.000000
0.547852 1.000000
0.548828 1.000000
0.549805 1.000000
0.550781 1.000000
0.551758 1.000000
0.552734 1.000000
0.553711 1.000000
0.554688 1.000000
0.555664 1.000000
0.556641 1.000000
0.557617 1.000000
0.558594 1.000000
0.559570 1.000000
0.560547 1.000000
0.561523 1.000000
0.562500 1.000000
0.563477 1.000000
0.564453 1.000000
0.565430 1.000000
0.566406 1.000000
0.567383 1.000000
0.568359 1.000000
0.569336 1.000000
0.570312 1.000000
0.571289 1.000000
0.572266 1.000000
0.573242 1.000000
0.574219 1.000000
0.575195 1.000000
0.576172 1.000000
0.577148 1.000000
0.578125 1.000000
0.579102 1.000000
0.580078 1.000000
0.581055 1.000000
0.582031 1.000000
0.583008 1.000000
0.583984 1.000000
0.584961 1.000000
0.585938 1.000000
0.586914 1.000000
0.587891 1.000000
0.588867 1.000000
0.589844 1.000000
0.590820 1.000000
0.591797 1.000000
0.592773 1.000000
0.593750 1.000000
0.594727 1.000000
0.595703 1.000000
0.596680 1.000000
0.597656 1.000000
0.598633 1.000000
0.599609 1.000000
0.600586 1.000000
0.601562 1.000000
0.602539 1.000000
0.603516 1.000000
0.604492 1.000000
0.605469 1.000000
0.606445 1.000000
0.607422 1.000000
0.608398 1.000000
0.609375 1.000000
0.610352 0.999750
0.611328 0.999500
0.612305 0.998750
0.613281 0.998750
0.614258 0.998000
0.615234 0.995500
0.616211 0.990500
0.617188 0.984000
0.618164 0.972500
0.619141 0.937000
0.620117 0.890000
0.621094 0.774000
0.622070 0.611250
0.623047 0.374250
0.624023 0.222250
0.625000 0.116000
0.625977 0.063250
0.626953 0.040000
0.627930 0.016500
0.628906 0.009500
0.629883 0.005000
0.630859 0.001750
0.631836 0.001000
0.632812 0.000500
0.633789 0.000500
0.634766 0.000000
0.635742 0.000000
0.636719 0.000000
0.637695 0.000000
0.638672 0.000000
0.639648 0.000000
0.640625 0.000000
0.641602 0.000000
0.642578 0.000000
0.643555 0.000000
0.644531 0.000000
0.645508 0.000000
0.646484 0.000000
0.647461 0.000000
0.648438 0.000000
0.649414 0.000000
0.650391 0.000000
0.651367 0.000000
0.652344 0.000000
0.653320 0.000000
0.654297 0.000000
0.655273 0.000000
0.656250 0.000000
0.657227 0.000000
0.658203 0.000000
0.659180 0.000000
0.660156 0.000000
0.661133 0.000000
0.662109 0.000000
0.663086 0.000000
0.664062 0.000000
0.665039 0.000000
0.666016 0.000000
0.666992 0.000000
0.667969 0.000000
0.668945 0.000000
0.669922 0.000000
0.670898 0.000000
0.671875 0.000000
0.672852 0.000000
0.673828 0.000000
0.674805 0.000000
0.675781 0.000000
0.676758 0.000000
0.677734 0.000000
0.678711 0.000000
0.679688 0.000000
0.680664 0.000000
0.681641 0.000000
0.682617 0.000000
0.683594 0.000000
0.684570 0.000000
0.685547 0.000000
0.686523 0.000000
0.687500 0.000000
0.688477 0.000000
0.689453 0.000000
0.690430 0.000000
0.691406 0.000000
0.692383 0.000000
0.693359 0.000000
0.694336 0.000000
0.695312 0.000000
0.696289 0.000000
0.697266 0.000000
0.698242 0.000000
0.699219 0.000000
0.700195 0.000000
0.701172 0.000000
0.702148 0.000000
0.703125 0.000000
0.704102 0.000000
0.705078 0.000000
0.706055 0.000000
0.707031 0.000000
0.708008 0.000000
0.708984 0.000000
0.709961 0.000000
0.710938 0.000000
0.711914 0.000000
0.712891 0.000000
0.713867 0.000000
0.714844 0.000000
0.715820 0.000000
0.716797 0.000000
0.717773 0.000000
0.718750 0.000000
0.719727 0.000000
0.720703 0.000000
0.721680 0.000000
0.722656 0.000000
0.723633 0.000000
0.724609 0.000000
0.725586 0.000000
0.726562 0.000000
0.727539 0.000000
0.728516 0.000000
0.729492 0.000000
0.730469 0.000000
0.731445 0.000000
0.732422 0.000000
0.733398 0.000000
0.734375 0.000000
0.735352 0.000000
0.736328 0.000000
0.737305 0.000000
0.738281 0.000000
0.739258 0.000000
0.740234 0.000000
0.741211 0.000000
0.742188 0.000000
0.743164 0.000000
0.744141 0.000000
0.745117 0.000000
0.746094 0.000000
0.747070 0.000000
0.748047 0.000000
0.749023 0.000000
0.750000 0.000000
0.750977 0.000000
0.751953 0.000000
0.752930 0.000000
0.753906 0.000000
0.754883 0.000000
0.755859 0.000000
0.756836 0.000000
0.757812 0.000000
0.758789 0.000000
0.759766 0.000000
0.760742 0.000000
0.761719 0.000000
0.762695 0.000000
0.763672 0.000000
0.764648 0.000000
0.765625 0.000000
0.766602 0.000000
0.767578 0.000000
0.768555 0.000000
0.769531 0.000000
0.770508 0.000000
0.771484 0.000000
0.772461 0.000000
0.773438 0.000000
0.774414 0.000000
0.775391 0.000000
0.776367 0.000000
0.777344 0.000000
0.778320 0.000000
0.779297 0.000000
0.780273 0.000000
0.781250 0.000000
0.782227 0.000000
0.783203 0.000000
0.784180 0.000000
0.785156 0.000000
0.786133 0.000000
0.787109 0.000000
0.788086 0.000000
0.789062 0.000000
0.790039 0.000000
0.791016 0.000000
0.791992 0.000000
0.792969 0.000000
0.793945 0.000000
0.794922 0.000000
0.795898 0.000000
0.796875 0.000000
0.797852 0.000000
0.798828 0.000000
0.799805 0.000000
0.800781 0.000000
0.801758 0.000000
0.802734 0.000000
0.803711 0.000000
0.804688 0.000000
0.805664 0.000000
0.806641 0.000000
0.807617 0.000000
0.808594 0.000000
0.809570 0.000000
0.810547 0.000000
0.811523 0.000000
0.812500 0.000000
0.813477 0.000000
0.814453 0.000000
0.815430 0.000000
0.816406 0.000000
0.817383 0.000000
0.818359 0.000000
0.819336 0.000000
0.820312 0.000000
0.821289 0.000000
0.822266 0.000000
0.823242 0.000000
0.824219 0.000000
0.825195 0.000000
0.826172 0.000000
0.827148 0.000000
0.828125 0.000000
0.829102 0.000000
0.830078 0.000000
0.831055 0.000000
0.832031 0.000000
0.833008 0.000000
0.833984 0.000000
0.834961 0.000000
0.835938 0.000000
0.836914 0.000000
0.837891 0.000000
0.838867 0.000000
0.839844 0.000000
0.840820 0.000000
0.841797 0.000000
0.842773 0.000000
0.843750 0.000000
0.844727 0.000000
0.845703 0.000000
0.846680 0.000000
0.847656 0.000000
0.848633 0.000000
0.849609 0.000000
0.850586 0.000000
0.851562 0.000000
0.852539 0.000000
0.853516 0.000000
0.854492 0.000000
0.855469 0.000000
0.856445 0.000000
0.857422 0.000000
0.858398 0.000000
0.859375 0.000000
0.860352 0.000000
0.861328 0.000000
0.862305 0.000000
0.863281 0.000000
0.864258 0.000000
0.865234 0.000000
0.866211 0.000000
0.867188 0.000000
0.868164 0.000000
0.869141 0.000000
0.870117 0.000000
0.871094 0.000000
0.872070 0.000000
0.873047 0.000000
0.874023 0.000000
0.875000 0.000000
0.875977 0.000000
0.876953 0.000000
0.877930 0.000000
0.878906 0.000000
0.879883 0.000000
0.880859 0.000000
0.881836 0.000000
0.882812 0.000000
0.883789 0.000000
0.884766 0.000000
0.885742 0.000000
0.886719 0.000000
0.887695 0.000000
0.888672 0.000000
0.889648 0.000000
0.890625 0.000000
0.891602 0.000000
0.892578 0.000000
0.893555 0.000000
0.894531 0.000000
0.895508 0.000000
0.896484 0.000000
0.897461 0.000000
0.898438 0.000000
0.899414 0.000000
0.900391 0.000000
0.901367 0.000000
0.902344 0.000000
0.903320 0.000000
0.904297 0.000000
0.905273 0.000000
0.906250 0.000000
0.907227 0.000000
0.908203 0.000000
0.909180 0.000000
0.910156 0.000000
0.911133 0.000000
0.912109 0.000000
0.913086 0.000000
0.914062 0.000000
0.915039 0.000000
0.916016 0.000000
0.916992 0.000000
0.917969 0.000000
0.918945 0.000000
0.919922 0.000000
0.920898 0.000000
0.921875 0.000000
0.922852 0.000000
0.923828 0.000000
0.924805 0.000000
0.925781 0.000000
0.926758 0.000000
0.927734 0.000000
0.928711 0.000000
0.929688 0.000000
0.930664 0.000000
0.931641 0.000000
0.932617 0.000000
0.933594 0.000000
0.934570 0.000000
0.935547 0.000000
0.936523 0.000000
0.937500 0.000000
0.938477 0.000000
0.939453 0.000000
0.940430 0.000000
0.941406 0.000000
0.942383 0.000000
0.943359 0.000000
0.944336 0.000000
0.945312 0.000000
0.946289 0.000000
0.947266 0.000000
0.948242 0.000000
0.949219 0.000000
0.950195 0.000000
0.951172 0.000000
0.952148 0.000000
0.953125 0.000000
0.954102 0.000000
0.955078 0.000000
0.956055 0.000000
0.957031 0.000000
0.958008 0.000000
0.958984 0.000000
0.959961 0.000000
0.960938 0.000000
0.961914 0.000000
0.962891 0.000000
0.963867 0.000000
0.964844 0.000000
0.965820 0.000000
0.966797 0.000000
0.967773 0.000000
0.968750 0.000000
0.969727 0.000000
0.970703 0.000000
0.971680 0.000000
0.972656 0.000000
0.973633 0.000000
0.974609 0.000000
0.975586 0.000000
0.976562 0.000000
0.977539 0.000000
0.978516 0.000000
0.979492 0.000000
0.980469 0.000000
0.981445 0.000000
0.982422 0.000000
0.983398 0.000000
0.984375 0.000000
0.985352 0.000000
0.986328 0.000000
0.987305 0.000000
0.988281 0.000000
0.989258 0.000000
0.990234 0.000000
0.991211 0.000000
0.992188 0.000000
0.993164 0.000000
0.994141 0.000000
0.995117 0.000000
0.996094 0.000000
0.997070 0.000000
0.998047 0.000000
0.999023 0.000000
