t mix true
0.000000 1.000000 1.000000
0.003906 0.992203 0.999956
0.007812 0.992203 0.999913
0.011719 0.992050 0.999820
0.015625 0.991284 0.999617
0.019531 0.989139 0.999204
0.023438 0.987454 0.998611
0.027344 0.979641 0.997422
0.031250 0.968610 0.995681
0.035156 0.951605 0.993043
0.039062 0.942260 0.989584
0.042969 0.937051 0.984688
0.046875 0.934907 0.978205
0.050781 0.932762 0.969485
0.054688 0.931230 0.959689
0.058594 0.931230 0.951245
0.062500 0.931383 0.944600
0.066406 0.930923 0.939287
0.070312 0.930923 0.935986
0.074219 0.930923 0.933902
0.078125 0.930426 0.932560
0.082031 0.930923 0.931895
0.085938 0.930923 0.931466
0.089844 0.930923 0.931223
0.093750 0.930923 0.931087
0.097656 0.930923 0.931013
0.101562 0.927937 0.930507
0.105469 0.925946 0.930175
0.109375 0.929928 0.930783
0.113281 0.926444 0.930234
0.117188 0.926444 0.930179
0.121094 0.925946 0.930100
0.125000 0.917484 0.928731
0.128906 0.911512 0.927647
0.132812 0.898073 0.924955
0.136719 0.880154 0.921354
0.140625 0.853773 0.914772
0.144531 0.811963 0.902208
0.148438 0.784090 0.883047
0.152344 0.759700 0.855610
0.156250 0.754225 0.830680
0.160156 0.744768 0.802409
0.164062 0.737800 0.777496
0.167969 0.739791 0.764813
0.171875 0.734315 0.749946
0.175781 0.733818 0.743069
0.179688 0.732822 0.738184
0.183594 0.732325 0.735369
0.187500 0.732822 0.734521
0.191406 0.731827 0.732770
0.195312 0.732325 0.732840
0.199219 0.731827 0.732107
0.203125 0.731827 0.731978
0.207031 0.731827 0.731908
0.210938 0.731827 0.731870
0.214844 0.731827 0.731850
0.218750 0.731827 0.731839
0.222656 0.731827 0.731833
0.226562 0.731827 0.731830
0.230469 0.731827 0.731829
0.234375 0.731827 0.731828
0.238281 0.731827 0.731827
0.242188 0.731827 0.731827
0.246094 0.731827 0.731827
0.250000 0.731827 0.731827
0.253906 0.731827 0.731827
0.257812 0.731827 0.731827
0.261719 0.731827 0.731827
0.265625 0.731827 0.731827
0.269531 0.731011 0.731555
0.273438 0.731827 0.731827
0.277344 0.731827 0.731827
0.281250 0.731827 0.731827
0.285156 0.731827 0.731827
0.289062 0.731827 0.731827
0.292969 0.731827 0.731827
0.296875 0.731827 0.731827
0.300781 0.731827 0.731827
0.304688 0.731827 0.731827
0.308594 0.731827 0.731827
0.312500 0.731011 0.731555
0.316406 0.731011 0.731555
0.320312 0.730195 0.731283
0.324219 0.729379 0.731011
0.328125 0.730195 0.731283
0.332031 0.729379 0.731011
0.335938 0.727747 0.730467
0.339844 0.720402 0.728018
0.343750 0.720402 0.727900
0.347656 0.705714 0.722647
0.351562 0.695921 0.719383
0.355469 0.642878 0.700277
0.359375 0.598812 0.680019
0.363281 0.541689 0.648214
0.367188 0.483751 0.600538
0.371094 0.443765 0.544637
0.375000 0.432340 0.505244
0.378906 0.420916 0.470160
0.382812 0.413571 0.444793
0.386719 0.410307 0.429178
0.390625 0.408675 0.419729
0.394531 0.408675 0.415003
0.398438 0.407043 0.410616
0.402344 0.405411 0.407403
0.406250 0.407043 0.408134
0.410156 0.406227 0.406824
0.414062 0.405411 0.405735
0.417969 0.405411 0.405585
0.421875 0.405411 0.405504
0.425781 0.406227 0.406276
0.429688 0.405411 0.405437
0.433594 0.405411 0.405425
0.437500 0.406227 0.406234
0.441406 0.405411 0.405415
0.445312 0.405411 0.405413
0.449219 0.405411 0.405412
0.453125 0.405411 0.405411
0.457031 0.406227 0.406227
0.460938 0.405411 0.405411
0.464844 0.405411 0.405411
0.468750 0.405411 0.405411
0.472656 0.405411 0.405411
0.476562 0.405411 0.405411
0.480469 0.405411 0.405411
0.484375 0.405411 0.405411
0.488281 0.405411 0.405411
0.492188 0.405411 0.405411
0.496094 0.405411 0.405411
0.500000 0.405411 0.405411
0.503906 0.405411 0.405411
0.507812 0.405411 0.405411
0.511719 0.405411 0.405411
0.515625 0.405411 0.405411
0.519531 0.405411 0.405411
0.523438 0.405411 0.405411
0.527344 0.405411 0.405411
0.531250 0.405411 0.405411
0.535156 0.405411 0.405411
0.539062 0.405411 0.405411
0.542969 0.405411 0.405411
0.546875 0.404727 0.405047
0.550781 0.405411 0.405411
0.554688 0.405411 0.405411
0.558594 0.405411 0.405411
0.562500 0.404727 0.405047
0.566406 0.405411 0.405411
0.570312 0.405411 0.405411
0.574219 0.405411 0.405411
0.578125 0.405411 0.405411
0.582031 0.405411 0.405411
0.585938 0.405411 0.405411
0.589844 0.405411 0.405411
0.593750 0.403360 0.404319
0.597656 0.404044 0.404683
0.601562 0.404727 0.405047
0.605469 0.401309 0.403227
0.609375 0.399258 0.402135
0.613281 0.397208 0.400949
0.617188 0.395840 0.400221
0.621094 0.380801 0.392119
0.625000 0.367130 0.384557
0.628906 0.327481 0.361334
0.632812 0.296719 0.341372
0.636719 0.231778 0.293798
0.640625 0.201016 0.258053
0.644531 0.177774 0.222659
0.648438 0.151797 0.184316
0.652344 0.148380 0.168851
0.656250 0.147696 0.160021
0.660156 0.138809 0.146233
0.664062 0.136075 0.140351
0.667969 0.133340 0.135759
0.671875 0.132657 0.133998
0.675781 0.134024 0.134757
0.679688 0.131973 0.132375
0.683594 0.131973 0.132190
0.687500 0.133340 0.133457
0.691406 0.131973 0.132036
0.695312 0.131973 0.132006
0.699219 0.131973 0.131991
0.703125 0.131973 0.131983
0.707031 0.131973 0.131978
0.710938 0.131973 0.131976
0.714844 0.131973 0.131975
0.718750 0.131973 0.131974
0.722656 0.131973 0.131974
0.726562 0.131973 0.131973
0.730469 0.131973 0.131973
0.734375 0.131973 0.131973
0.738281 0.131973 0.131973
0.742188 0.131973 0.131973
0.746094 0.131973 0.131973
0.750000 0.131973 0.131973
0.753906 0.131973 0.131973
0.757812 0.131973 0.131973
0.761719 0.131973 0.131973
0.765625 0.131973 0.131973
0.769531 0.131973 0.131973
0.773438 0.131973 0.131973
0.777344 0.131973 0.131973
0.781250 0.131973 0.131973
0.785156 0.131973 0.131973
0.789062 0.131973 0.131973
0.792969 0.131973 0.131973
0.796875 0.131973 0.131973
0.800781 0.131973 0.131973
0.804688 0.131973 0.131973
0.808594 0.131418 0.131577
0.812500 0.131696 0.131775
0.816406 0.131418 0.131577
0.820312 0.131418 0.131577
0.824219 0.131418 0.131577
0.828125 0.130585 0.130982
0.832031 0.128918 0.129793
0.835938 0.121420 0.124412
0.839844 0.119199 0.122743
0.843750 0.113367 0.118170
0.847656 0.100314 0.108272
0.851562 0.088651 0.098919
0.855469 0.069211 0.082443
0.859375 0.049771 0.062499
0.863281 0.038107 0.047754
0.867188 0.032831 0.039253
0.871094 0.025333 0.029428
0.875000 0.025055 0.027443
0.878906 0.023111 0.024491
0.882812 0.022833 0.023608
0.886719 0.021722 0.022155
0.890625 0.022278 0.022514
0.894531 0.021445 0.021574
0.898438 0.021722 0.021792
0.902344 0.020889 0.020927
0.906250 0.020889 0.020909
0.910156 0.021445 0.021455
0.914062 0.021167 0.021173
0.917969 0.020889 0.020892
0.921875 0.020840 0.020849
0.925781 0.020791 0.020806
0.929688 0.020840 0.020848
0.933594 0.020840 0.020847
0.937500 0.020791 0.020805
0.941406 0.020644 0.020678
0.945312 0.020447 0.020510
0.949219 0.020479 0.020576
0.953125 0.018285 0.018646
0.957031 0.016959 0.017493
0.960938 0.014109 0.014982
0.964844 0.009834 0.011154
0.968750 0.005019 0.006293
0.972656 0.002759 0.003654
0.976562 0.002071 0.002618
0.980469 0.001531 0.001852
0.984375 0.001236 0.001418
0.988281 0.001236 0.001337
0.992188 0.001236 0.001291
0.996094 0.000015 0.000067
