p lcorrect lwrong lexpected
0.0001 1.00012 0.999878 1
0.00260576 1.00396 0.996195 1.00007
0.00511153 1.00821 0.992385 1.00028
0.00761729 1.01286 0.988451 1.00062
0.0101231 1.01792 0.984393 1.00108
0.0126288 1.02339 0.980212 1.00168
0.0151346 1.02925 0.975911 1.0024
0.0176404 1.0355 0.971491 1.00325
0.0201461 1.04215 0.966952 1.00422
0.0226519 1.04918 0.962297 1.0053
0.0251576 1.0566 0.957526 1.00651
0.0276634 1.0644 0.952641 1.00784
0.0301692 1.07258 0.947644 1.00928
0.0326749 1.08114 0.942534 1.01083
0.0351807 1.09006 0.937314 1.0125
0.0376865 1.09936 0.931986 1.01428
0.0401922 1.10903 0.926549 1.01616
0.042698 1.11906 0.921006 1.01816
0.0452038 1.12945 0.915357 1.02026
0.0477095 1.1402 0.909604 1.02247
0.0502153 1.1513 0.903748 1.02477
0.0527211 1.16277 0.89779 1.02718
0.0552268 1.17458 0.891732 1.0297
0.0577326 1.18674 0.885574 1.03231
0.0602383 1.19925 0.879318 1.03501
0.0627441 1.2121 0.872964 1.03782
0.0652499 1.22529 0.866514 1.04072
0.0677556 1.23882 0.859969 1.04371
0.0702614 1.25269 0.85333 1.0468
0.0727672 1.2669 0.846599 1.04997
0.0752729 1.28144 0.839775 1.05324
0.0777787 1.2963 0.832861 1.0566
0.0802845 1.3115 0.825858 1.06004
0.0827902 1.32703 0.818765 1.06357
0.085296 1.34288 0.811585 1.06719
0.0878018 1.35905 0.804319 1.07089
0.0903075 1.37554 0.796966 1.07467
0.0928133 1.39235 0.78953 1.07854
0.095319 1.40948 0.78201 1.08249
0.0978248 1.42692 0.774407 1.08651
0.100331 1.44468 0.766723 1.09062
0.102836 1.46275 0.758958 1.09481
0.105342 1.48113 0.751113 1.09907
0.107848 1.49982 0.74319 1.10341
0.110354 1.51881 0.735189 1.10782
0.112859 1.53811 0.727111 1.11231
0.115365 1.55772 0.718957 1.11687
0.117871 1.57762 0.710728 1.1215
0.120377 1.59783 0.702425 1.12621
0.122882 1.61834 0.694049 1.13099
0.125388 1.63914 0.6856 1.13583
0.127894 1.66024 0.67708 1.14075
0.1304 1.68163 0.66849 1.14573
0.132906 1.70332 0.65983 1.15078
0.135411 1.7253 0.651101 1.1559
0.137917 1.74757 0.642304 1.16108
0.140423 1.77013 0.633439 1.16633
0.142929 1.79298 0.624509 1.17165
0.145434 1.81612 0.615513 1.17702
0.14794 1.83954 0.606452 1.18246
0.150446 1.86325 0.597328 1.18796
0.152952 1.88724 0.588141 1.19353
0.155457 1.91151 0.578891 1.19915
0.157963 1.93607 0.56958 1.20483
0.160469 1.9609 0.560208 1.21058
0.162975 1.98602 0.550776 1.21638
0.16548 2.01141 0.541285 1.22224
0.167986 2.03708 0.531736 1.22815
0.170492 2.06303 0.522129 1.23413
0.172998 2.08925 0.512465 1.24016
0.175504 2.11575 0.502746 1.24624
0.178009 2.14252 0.492971 1.25238
0.180515 2.16956 0.483141 1.25857
0.183021 2.19688 0.473257 1.26482
0.185527 2.22446 0.46332 1.27112
0.188032 2.25232 0.453331 1.27748
0.190538 2.28045 0.44329 1.28388
0.193044 2.30884 0.433198 1.29034
0.19555 2.33751 0.423056 1.29685
0.198055 2.36644 0.412864 1.3034
0.200561 2.39564 0.402623 1.31001
0.203067 2.4251 0.392333 1.31667
0.205573 2.45483 0.381996 1.32337
0.208078 2.48483 0.371613 1.33013
0.210584 2.51509 0.361182 1.33693
0.21309 2.54561 0.350707 1.34378
0.215596 2.5764 0.340186 1.35068
0.218102 2.60744 0.329621 1.35762
0.220607 2.63876 0.319012 1.36461
0.223113 2.67033 0.30836 1.37164
0.225619 2.70216 0.297666 1.37872
0.228125 2.73426 0.28693 1.38585
0.23063 2.76661 0.276153 1.39302
0.233136 2.79922 0.265336 1.40023
0.235642 2.8321 0.254478 1.40748
0.238148 2.86523 0.243582 1.41478
0.240653 2.89862 0.232646 1.42212
0.243159 2.93227 0.221673 1.42951
0.245665 2.96618 0.210662 1.43693
0.248171 3.00035 0.199614 1.4444
0.250676 3.03477 0.18853 1.4519
0.253182 3.06945 0.17741 1.45945
0.255688 3.10439 0.166255 1.46704
0.258194 3.13958 0.155065 1.47467
0.260699 3.17503 0.143842 1.48234
0.263205 3.21074 0.132585 1.49005
0.265711 3.2467 0.121295 1.49779
0.268217 3.28292 0.109973 1.50558
0.270723 3.3194 0.0986193 1.5134
0.273228 3.35613 0.0872343 1.52126
0.275734 3.39311 0.0758187 1.52916
0.27824 3.43036 0.0643731 1.5371
0.280746 3.46785 0.0528979 1.54507
0.283251 3.50561 0.0413938 1.55308
0.285757 3.54362 0.0298612 1.56113
0.288263 3.58188 0.0183007 1.56921
0.290769 3.6204 0.00671274 1.57733
0.293274 3.65918 -0.00490204 1.58549
0.29578 3.69821 -0.0165432 1.59368
0.298286 3.7375 -0.0282101 1.6019
0.300792 3.77704 -0.0399023 1.61016
0.303297 3.81684 -0.0516194 1.61846
0.305803 3.85689 -0.0633607 1.62679
0.308309 3.8972 -0.0751258 1.63515
0.310815 3.93777 -0.0869141 1.64355
0.313321 3.9786 -0.0987252 1.65198
0.315826 4.01968 -0.110559 1.66044
0.318332 4.06102 -0.122414 1.66894
0.320838 4.10261 -0.13429 1.67747
0.323344 4.14446 -0.146187 1.68603
0.325849 4.18657 -0.158105 1.69463
0.328355 4.22894 -0.170042 1.70325
0.330861 4.27157 -0.181999 1.71191
0.333367 4.31445 -0.193974 1.72061
0.335872 4.3576 -0.205968 1.72933
0.338378 4.401 -0.21798 1.73809
0.340884 4.44467 -0.230009 1.74687
0.34339 4.48859 -0.242056 1.75569
0.345895 4.53278 -0.254118 1.76454
0.348401 4.57722 -0.266197 1.77342
0.350907 4.62193 -0.278291 1.78233
0.353413 4.6669 -0.2904 1.79127
0.355919 4.71213 -0.302524 1.80024
0.358424 4.75763 -0.314663 1.80924
0.36093 4.80339 -0.326814 1.81828
0.363436 4.84941 -0.33898 1.82734
0.365942 4.8957 -0.351158 1.83643
0.368447 4.94225 -0.363348 1.84555
0.370953 4.98907 -0.37555 1.8547
0.373459 5.03616 -0.387764 1.86388
0.375965 5.08351 -0.399989 1.87309
0.37847 5.13113 -0.412224 1.88233
0.380976 5.17902 -0.42447 1.8916
0.383482 5.22718 -0.436725 1.90089
0.385988 5.27562 -0.448989 1.91022
0.388493 5.32432 -0.461263 1.91957
0.390999 5.37329 -0.473544 1.92895
0.393505 5.42254 -0.485834 1.93836
0.396011 5.47206 -0.498131 1.9478
0.398517 5.52185 -0.510436 1.95727
0.401022 5.57192 -0.522747 1.96676
0.403528 5.62226 -0.535064 1.97629
0.406034 5.67289 -0.547387 1.98584
0.40854 5.72379 -0.559716 1.99542
0.411045 5.77497 -0.572049 2.00502
0.413551 5.82643 -0.584387 2.01466
0.416057 5.87817 -0.596729 2.02432
0.418563 5.93019 -0.609075 2.03401
0.421068 5.98249 -0.621424 2.04373
0.423574 6.03508 -0.633776 2.05347
0.42608 6.08796 -0.646131 2.06325
0.428586 6.14112 -0.658487 2.07305
0.431091 6.19457 -0.670846 2.08287
0.433597 6.24831 -0.683205 2.09273
0.436103 6.30234 -0.695565 2.10261
0.438609 6.35666 -0.707926 2.11252
0.441115 6.41127 -0.720286 2.12246
0.44362 6.46618 -0.732646 2.13242
0.446126 6.52138 -0.745005 2.14241
0.448632 6.57688 -0.757363 2.15243
0.451138 6.63268 -0.769719 2.16247
0.453643 6.68877 -0.782073 2.17255
0.456149 6.74517 -0.794425 2.18265
0.458655 6.80187 -0.806774 2.19277
0.461161 6.85887 -0.819119 2.20292
0.463666 6.91618 -0.83146 2.2131
0.466172 6.9738 -0.843798 2.22331
0.468678 7.03172 -0.856131 2.23355
0.471184 7.08995 -0.868458 2.24381
0.473689 7.1485 -0.880781 2.2541
0.476195 7.20736 -0.893098 2.26441
0.478701 7.26654 -0.905408 2.27475
0.481207 7.32603 -0.917712 2.28512
0.483713 7.38584 -0.930009 2.29552
0.486218 7.44597 -0.942298 2.30595
0.488724 7.50643 -0.954579 2.3164
0.49123 7.5672 -0.966853 2.32688
0.493736 7.62831 -0.979117 2.33738
0.496241 7.68974 -0.991373 2.34791
0.498747 7.75151 -1.00362 2.35848
0.501253 7.8136 -1.01585 2.36906
0.503759 7.87603 -1.02808 2.37968
0.506264 7.9388 -1.04029 2.39032
0.50877 8.00191 -1.0525 2.40099
0.511276 8.06536 -1.06469 2.41169
0.513782 8.12915 -1.07687 2.42242
0.516287 8.19328 -1.08904 2.43317
0.518793 8.25777 -1.10119 2.44395
0.521299 8.3226 -1.11333 2.45476
0.523805 8.38779 -1.12546 2.4656
0.526311 8.45333 -1.13758 2.47647
0.528816 8.51923 -1.14968 2.48736
0.531322 8.58549 -1.16176 2.49829
0.533828 8.65211 -1.17383 2.50924
0.536334 8.7191 -1.18588 2.52022
0.538839 8.78645 -1.19792 2.53123
0.541345 8.85418 -1.20994 2.54226
0.543851 8.92228 -1.22194 2.55333
0.546357 8.99076 -1.23393 2.56443
0.548862 9.05961 -1.24589 2.57555
0.551368 9.12885 -1.25784 2.58671
0.553874 9.19847 -1.26977 2.59789
0.55638 9.26849 -1.28168 2.6091
0.558885 9.33889 -1.29357 2.62034
0.561391 9.40969 -1.30544 2.63162
0.563897 9.48089 -1.31729 2.64292
0.566403 9.55249 -1.32912 2.65425
0.568909 9.62449 -1.34093 2.66562
0.571414 9.6969 -1.35271 2.67701
0.57392 9.76973 -1.36447 2.68844
0.576426 9.84297 -1.37621 2.69989
0.578932 9.91662 -1.38793 2.71138
0.581437 9.99071 -1.39962 2.7229
0.583943 10.0652 -1.41129 2.73445
0.586449 10.1402 -1.42293 2.74603
0.588955 10.2155 -1.43455 2.75764
0.59146 10.2913 -1.44614 2.76929
0.593966 10.3676 -1.4577 2.78097
0.596472 10.4443 -1.46924 2.79268
0.598978 10.5214 -1.48075 2.80442
0.601483 10.599 -1.49223 2.8162
0.603989 10.6771 -1.50369 2.82801
0.606495 10.7556 -1.51511 2.83985
0.609001 10.8346 -1.52651 2.85173
0.611507 10.9141 -1.53788 2.86364
0.614012 10.9941 -1.54921 2.87558
0.616518 11.0745 -1.56052 2.88756
0.619024 11.1554 -1.57179 2.89958
0.62153 11.2368 -1.58303 2.91163
0.624035 11.3188 -1.59424 2.92372
0.626541 11.4012 -1.60541 2.93584
0.629047 11.4841 -1.61655 2.948
0.631553 11.5675 -1.62766 2.96019
0.634058 11.6515 -1.63873 2.97242
0.636564 11.736 -1.64977 2.98469
0.63907 11.821 -1.66077 2.997
0.641576 11.9066 -1.67173 3.00934
0.644081 11.9927 -1.68266 3.02172
0.646587 12.0793 -1.69355 3.03414
0.649093 12.1666 -1.7044 3.0466
0.651599 12.2543 -1.71521 3.0591
0.654105 12.3427 -1.72598 3.07164
0.65661 12.4316 -1.73671 3.08422
0.659116 12.5211 -1.7474 3.09684
0.661622 12.6112 -1.75805 3.1095
0.664128 12.7019 -1.76866 3.1222
0.666633 12.7932 -1.77922 3.13495
0.669139 12.8851 -1.78974 3.14773
0.671645 12.9777 -1.80022 3.16056
0.674151 13.0708 -1.81065 3.17344
0.676656 13.1647 -1.82103 3.18635
0.679162 13.2591 -1.83137 3.19931
0.681668 13.3542 -1.84166 3.21232
0.684174 13.45 -1.85191 3.22537
0.686679 13.5464 -1.8621 3.23847
0.689185 13.6436 -1.87225 3.25161
0.691691 13.7414 -1.88234 3.2648
0.694197 13.8399 -1.89238 3.27804
0.696703 13.9392 -1.90238 3.29133
0.699208 14.0391 -1.91232 3.30466
0.701714 14.1398 -1.9222 3.31805
0.70422 14.2412 -1.93203 3.33149
0.706726 14.3434 -1.94181 3.34497
0.709231 14.4464 -1.95153 3.35851
0.711737 14.5501 -1.96119 3.3721
0.714243 14.6546 -1.9708 3.38574
0.716749 14.7599 -1.98034 3.39944
0.719254 14.866 -1.98983 3.41319
0.72176 14.973 -1.99926 3.427
0.724266 15.0808 -2.00862 3.44086
0.726772 15.1894 -2.01792 3.45478
0.729277 15.2989 -2.02716 3.46876
0.731783 15.4093 -2.03634 3.4828
0.734289 15.5206 -2.04544 3.49689
0.736795 15.6328 -2.05448 3.51105
0.739301 15.7459 -2.06346 3.52526
0.741806 15.86 -2.07236 3.53954
0.744312 15.975 -2.08119 3.55389
0.746818 16.091 -2.08995 3.56829
0.749324 16.208 -2.09864 3.58277
0.751829 16.326 -2.10726 3.59731
0.754335 16.445 -2.1158 3.61191
0.756841 16.5651 -2.12426 3.62659
0.759347 16.6863 -2.13265 3.64133
0.761852 16.8085 -2.14095 3.65615
0.764358 16.9318 -2.14918 3.67104
0.766864 17.0563 -2.15732 3.686
0.76937 17.1819 -2.16538 3.70104
0.771875 17.3087 -2.17336 3.71615
0.774381 17.4367 -2.18125 3.73134
0.776887 17.566 -2.18905 3.74661
0.779393 17.6964 -2.19676 3.76196
0.781898 17.8282 -2.20438 3.7774
0.784404 17.9612 -2.2119 3.79291
0.78691 18.0956 -2.21933 3.80851
0.789416 18.2313 -2.22667 3.8242
0.791922 18.3684 -2.2339 3.83998
0.794427 18.507 -2.24104 3.85585
0.796933 18.647 -2.24807 3.87181
0.799439 18.7885 -2.255 3.88787
0.801945 18.9315 -2.26182 3.90402
0.80445 19.076 -2.26853 3.92027
0.806956 19.2222 -2.27513 3.93662
0.809462 19.3699 -2.28162 3.95307
0.811968 19.5194 -2.28799 3.96963
0.814473 19.6705 -2.29424 3.9863
0.816979 19.8235 -2.30038 4.00307
0.819485 19.9782 -2.30639 4.01996
0.821991 20.1347 -2.31227 4.03696
0.824496 20.2932 -2.31802 4.05409
0.827002 20.4536 -2.32364 4.07133
0.829508 20.616 -2.32913 4.0887
0.832014 20.7805 -2.33448 4.10619
0.83452 20.9471 -2.33969 4.12381
0.837025 21.1159 -2.34475 4.14157
0.839531 21.2869 -2.34966 4.15946
0.842037 21.4602 -2.35442 4.1775
0.844543 21.6359 -2.35903 4.19568
0.847048 21.814 -2.36347 4.214
0.849554 21.9947 -2.36776 4.23248
0.85206 22.1779 -2.37187 4.25112
0.854566 22.3639 -2.37581 4.26992
0.857071 22.5526 -2.37957 4.28889
0.859577 22.7442 -2.38315 4.30802
0.862083 22.9388 -2.38654 4.32734
0.864589 23.1365 -2.38974 4.34683
0.867094 23.3373 -2.39274 4.36651
0.8696 23.5415 -2.39554 4.38639
0.872106 23.749 -2.39812 4.40647
0.874612 23.9602 -2.40049 4.42675
0.877118 24.175 -2.40263 4.44725
0.879623 24.3936 -2.40455 4.46797
0.882129 24.6162 -2.40622 4.48892
0.884635 24.843 -2.40764 4.51011
0.887141 25.0741 -2.40881 4.53154
0.889646 25.3098 -2.40971 4.55324
0.892152 25.5501 -2.41034 4.57519
0.894658 25.7954 -2.41069 4.59743
0.897164 26.0458 -2.41073 4.61995
0.899669 26.3016 -2.41047 4.64278
0.902175 26.5631 -2.4099 4.66591
0.904681 26.8306 -2.40899 4.68938
0.907187 27.1043 -2.40773 4.71318
0.909692 27.3846 -2.40611 4.73735
0.912198 27.6718 -2.40411 4.76189
0.914704 27.9664 -2.40172 4.78682
0.91721 28.2688 -2.39892 4.81217
0.919716 28.5794 -2.39568 4.83795
0.922221 28.8987 -2.39198 4.8642
0.924727 29.2273 -2.3878 4.89092
0.927233 29.5658 -2.38312 4.91816
0.929739 29.9149 -2.37791 4.94595
0.932244 30.2753 -2.37213 4.97431
0.93475 30.6479 -2.36575 5.00328
0.937256 31.0336 -2.35873 5.03291
0.939762 31.4335 -2.35103 5.06324
0.942267 31.8486 -2.34261 5.09432
0.944773 32.2805 -2.33342 5.1262
0.947279 32.7305 -2.32338 5.15896
0.949785 33.2004 -2.31245 5.19267
0.95229 33.6922 -2.30054 5.2274
0.954796 34.2082 -2.28756 5.26325
0.957302 34.7512 -2.27343 5.30033
0.959808 35.3244 -2.25802 5.33877
0.962314 35.9316 -2.24121 5.37872
0.964819 36.5774 -2.22283 5.42035
0.967325 37.2675 -2.20269 5.46388
0.969831 38.0088 -2.18056 5.50956
0.972337 38.8102 -2.15616 5.55772
0.974842 39.6829 -2.12914 5.60875
0.977348 40.6417 -2.09904 5.66318
0.979854 41.7069 -2.06526 5.72168
0.98236 42.9064 -2.02699 5.78518
0.984865 44.2812 -1.9831 5.85499
0.987371 45.8947 -1.93188 5.93306
0.989877 47.8525 -1.87064 6.02254
0.992383 50.3514 -1.79463 6.12896
0.994888 53.8286 -1.69402 6.2639
0.997394 59.6496 -1.54112 6.46029
0.9999 87.4744 -1.04897 7.06967
