p hbefore scorrect swrong sexpected hcorrect hwrong hexpected
0.0001 16 1.99963 2.00012 2 14 14 14
0.00260576 15.9999 1.98883 2.00374 1.99999 13.9984 14 13.9996
0.00511153 15.9996 1.97811 2.00737 1.99994 13.994 14 13.9985
0.00761729 15.999 1.96747 2.01101 1.99988 13.9869 14 13.9966
0.0101231 15.9982 1.9569 2.01466 1.99978 13.9772 14 13.9941
0.0126288 15.9973 1.94641 2.01831 1.99966 13.9653 14 13.991
0.0151346 15.9961 1.936 2.02198 1.99951 13.9511 14 13.9872
0.0176404 15.9947 1.92566 2.02565 1.99934 13.9348 14 13.9828
0.0201461 15.9931 1.9154 2.02934 1.99913 13.9165 14 13.9779
0.0226519 15.9913 1.90521 2.03303 1.99891 13.8965 14 13.9724
0.0251576 15.9892 1.89509 2.03674 1.99865 13.8746 14 13.9663
0.0276634 15.987 1.88504 2.04045 1.99837 13.8511 14 13.9597
0.0301692 15.9846 1.87506 2.04417 1.99807 13.8261 14 13.9526
0.0326749 15.9819 1.86515 2.04791 1.99774 13.7996 14 13.945
0.0351807 15.9791 1.8553 2.05165 1.99738 13.7717 14 13.9369
0.0376865 15.976 1.84553 2.0554 1.997 13.7425 14 13.9284
0.0401922 15.9728 1.83582 2.05916 1.99659 13.7121 14 13.9194
0.042698 15.9693 1.82617 2.06293 1.99616 13.6806 14 13.9099
0.0452038 15.9656 1.81659 2.06671 1.9957 13.6479 14 13.9
0.0477095 15.9618 1.80707 2.0705 1.99522 13.6142 14 13.8898
0.0502153 15.9577 1.79761 2.07431 1.99471 13.5795 14 13.8791
0.0527211 15.9535 1.78822 2.07812 1.99418 13.5439 14 13.868
0.0552268 15.949 1.77888 2.08194 1.99362 13.5075 14 13.8565
0.0577326 15.9443 1.76961 2.08577 1.99304 13.4702 14 13.8446
0.0602383 15.9395 1.76039 2.08961 1.99244 13.4321 14 13.8324
0.0627441 15.9344 1.75124 2.09346 1.99181 13.3933 14 13.8198
0.0652499 15.9292 1.74214 2.09733 1.99115 13.3539 14 13.8068
0.0677556 15.9238 1.73309 2.1012 1.99047 13.3137 14 13.7936
0.0702614 15.9181 1.72411 2.10508 1.98977 13.273 14 13.7799
0.0727672 15.9123 1.71518 2.10897 1.98904 13.2316 14 13.766
0.0752729 15.9063 1.7063 2.11288 1.98829 13.1898 14 13.7517
0.0777787 15.9001 1.69748 2.11679 1.98751 13.1474 14 13.7371
0.0802845 15.8937 1.68872 2.12072 1.98671 13.1045 14 13.7222
0.0827902 15.8871 1.68 2.12465 1.98589 13.0612 14 13.707
0.085296 15.8803 1.67134 2.1286 1.98504 13.0175 14 13.6915
0.0878018 15.8733 1.66273 2.13256 1.98417 12.9733 14 13.6757
0.0903075 15.8662 1.65417 2.13653 1.98327 12.9288 14 13.6597
0.0928133 15.8588 1.64566 2.14051 1.98235 12.8839 14 13.6433
0.095319 15.8513 1.6372 2.1445 1.98141 12.8387 14 13.6267
0.0978248 15.8436 1.62879 2.1485 1.98045 12.7932 14 13.6098
0.100331 15.8357 1.62043 2.15251 1.97946 12.7475 14 13.5926
0.102836 15.8276 1.61212 2.15653 1.97845 12.7014 14 13.5752
0.105342 15.8193 1.60386 2.16057 1.97741 12.6551 14 13.5575
0.107848 15.8108 1.59564 2.16462 1.97636 12.6085 14 13.5396
0.110354 15.8022 1.58747 2.16867 1.97527 12.5618 14 13.5214
0.112859 15.7934 1.57934 2.17274 1.97417 12.5148 14 13.503
0.115365 15.7844 1.57126 2.17682 1.97304 12.4677 14 13.4844
0.117871 15.7752 1.56323 2.18092 1.97189 12.4204 14 13.4655
0.120377 15.7658 1.55524 2.18502 1.97072 12.373 14 13.4464
0.122882 15.7562 1.54729 2.18914 1.96953 12.3254 14 13.427
0.125388 15.7465 1.53939 2.19326 1.96831 12.2776 14 13.4075
0.127894 15.7366 1.53153 2.1974 1.96707 12.2298 14 13.3877
0.1304 15.7265 1.52371 2.20155 1.96581 12.1818 14 13.3677
0.132906 15.7162 1.51594 2.20572 1.96452 12.1338 14 13.3475
0.135411 15.7057 1.5082 2.20989 1.96321 12.0857 14 13.327
0.137917 15.6951 1.50051 2.21408 1.96188 12.0375 14 13.3064
0.140423 15.6843 1.49286 2.21828 1.96053 11.9892 14 13.2856
0.142929 15.6733 1.48525 2.22249 1.95916 11.9409 14 13.2645
0.145434 15.6621 1.47768 2.22671 1.95776 11.8926 14 13.2433
0.14794 15.6507 1.47015 2.23095 1.95634 11.8442 14 13.2219
0.150446 15.6392 1.46266 2.2352 1.9549 11.7958 14 13.2002
0.152952 15.6275 1.4552 2.23946 1.95344 11.7473 14 13.1784
0.155457 15.6156 1.44779 2.24374 1.95195 11.6989 14 13.1564
0.157963 15.6036 1.44041 2.24802 1.95045 11.6504 14 13.1343
0.160469 15.5913 1.43307 2.25232 1.94892 11.602 14 13.1119
0.162975 15.5789 1.42577 2.25663 1.94737 11.5535 14 13.0894
0.16548 15.5664 1.4185 2.26096 1.9458 11.5051 14 13.0666
0.167986 15.5536 1.41127 2.2653 1.9442 11.4566 14 13.0437
0.170492 15.5407 1.40408 2.26965 1.94259 11.4082 14 13.0207
0.172998 15.5276 1.39692 2.27401 1.94095 11.3599 14 12.9974
0.175504 15.5143 1.3898 2.27839 1.93929 11.3115 14 12.974
0.178009 15.5009 1.38271 2.28278 1.93761 11.2633 14 12.9505
0.180515 15.4872 1.37566 2.28719 1.93591 11.215 14 12.9267
0.183021 15.4735 1.36864 2.29161 1.93418 11.1668 14 12.9028
0.185527 15.4595 1.36166 2.29604 1.93244 11.1187 14 12.8788
0.188032 15.4454 1.3547 2.30048 1.93067 11.0706 14 12.8545
0.190538 15.4311 1.34779 2.30494 1.92888 11.0225 14 12.8302
0.193044 15.4166 1.3409 2.30942 1.92707 10.9746 14 12.8056
0.19555 15.4019 1.33405 2.3139 1.92524 10.9267 14 12.781
0.198055 15.3871 1.32723 2.3184 1.92339 10.8789 14 12.7561
0.200561 15.3721 1.32044 2.32292 1.92152 10.8311 14 12.7311
0.203067 15.357 1.31369 2.32745 1.91962 10.7834 14 12.706
0.205573 15.3416 1.30696 2.33199 1.91771 10.7358 14 12.6807
0.208078 15.3261 1.30027 2.33655 1.91577 10.6883 14 12.6553
0.210584 15.3105 1.29361 2.34112 1.91381 10.6409 14 12.6297
0.21309 15.2946 1.28698 2.34571 1.91183 10.5936 14 12.604
0.215596 15.2786 1.28038 2.35031 1.90983 10.5463 14 12.5782
0.218102 15.2625 1.27381 2.35492 1.90781 10.4992 14 12.5522
0.220607 15.2461 1.26727 2.35956 1.90577 10.4521 14 12.5261
0.223113 15.2296 1.26075 2.3642 1.9037 10.4052 14 12.4998
0.225619 15.213 1.25427 2.36886 1.90162 10.3583 14 12.4734
0.228125 15.1961 1.24782 2.37354 1.89951 10.3116 14 12.4469
0.23063 15.1791 1.24139 2.37823 1.89739 10.2649 14 12.4202
0.233136 15.1619 1.235 2.38294 1.89524 10.2183 14 12.3934
0.235642 15.1446 1.22863 2.38766 1.89307 10.1719 14 12.3665
0.238148 15.1271 1.22229 2.39239 1.89089 10.1256 14 12.3394
0.240653 15.1094 1.21598 2.39715 1.88868 10.0793 14 12.3122
0.243159 15.0916 1.20969 2.40192 1.88645 10.0332 14 12.2849
0.245665 15.0736 1.20344 2.4067 1.88419 9.9872 14 12.2575
0.248171 15.0554 1.1972 2.4115 1.88192 9.94131 14 12.2299
0.250676 15.037 1.191 2.41632 1.87963 9.89552 14 12.2022
0.253182 15.0185 1.18482 2.42115 1.87732 9.84985 14 12.1744
0.255688 14.9999 1.17867 2.426 1.87498 9.8043 14 12.1465
0.258194 14.981 1.17255 2.43086 1.87263 9.75886 14 12.1185
0.260699 14.962 1.16645 2.43575 1.87025 9.71354 14 12.0903
0.263205 14.9429 1.16038 2.44064 1.86786 9.66834 14 12.062
0.265711 14.9235 1.15433 2.44556 1.86544 9.62326 14 12.0336
0.268217 14.904 1.14831 2.45049 1.863 9.57829 14 12.0051
0.270723 14.8844 1.14231 2.45544 1.86055 9.53345 14 11.9765
0.273228 14.8646 1.13634 2.4604 1.85807 9.48872 14 11.9478
0.275734 14.8446 1.13039 2.46539 1.85557 9.44412 14 11.9189
0.27824 14.8244 1.12447 2.47039 1.85305 9.39964 14 11.8899
0.280746 14.8041 1.11857 2.4754 1.85051 9.35528 14 11.8609
0.283251 14.7836 1.11269 2.48044 1.84795 9.31104 14 11.8317
0.285757 14.763 1.10684 2.48549 1.84537 9.26692 14 11.8024
0.288263 14.7422 1.10101 2.49056 1.84277 9.22293 14 11.773
0.290769 14.7212 1.09521 2.49565 1.84015 9.17906 14 11.7435
0.293274 14.7 1.08943 2.50076 1.83751 9.13531 14 11.7139
0.29578 14.6787 1.08367 2.50588 1.83484 9.09169 14 11.6841
0.298286 14.6573 1.07793 2.51102 1.83216 9.04819 14 11.6543
0.300792 14.6357 1.07222 2.51618 1.82946 9.00482 14 11.6244
0.303297 14.6139 1.06653 2.52136 1.82673 8.96157 14 11.5943
0.305803 14.5919 1.06087 2.52656 1.82399 8.91844 14 11.5642
0.308309 14.5698 1.05522 2.53178 1.82122 8.87544 14 11.5339
0.310815 14.5475 1.0496 2.53701 1.81844 8.83256 14 11.5036
0.313321 14.5251 1.044 2.54227 1.81563 8.78981 14 11.4731
0.315826 14.5025 1.03842 2.54754 1.81281 8.74718 14 11.4426
0.318332 14.4797 1.03286 2.55284 1.80996 8.70467 14 11.412
0.320838 14.4567 1.02732 2.55815 1.80709 8.66229 14 11.3812
0.323344 14.4336 1.0218 2.56348 1.80421 8.62004 14 11.3504
0.325849 14.4104 1.01631 2.56884 1.8013 8.5779 14 11.3194
0.328355 14.387 1.01084 2.57421 1.79837 8.53589 14 11.2884
0.330861 14.3634 1.00538 2.5796 1.79542 8.49401 14 11.2573
0.333367 14.3396 0.99995 2.58501 1.79245 8.45225 14 11.226
0.335872 14.3157 0.994538 2.59045 1.78946 8.41061 14 11.1947
0.338378 14.2916 0.989145 2.5959 1.78646 8.36909 14 11.1633
0.340884 14.2674 0.983773 2.60137 1.78343 8.3277 14 11.1318
0.34339 14.243 0.978421 2.60687 1.78038 8.28643 14 11.1002
0.345895 14.2184 0.973089 2.61238 1.7773 8.24528 14 11.0685
0.348401 14.1937 0.967776 2.61792 1.77421 8.20425 14 11.0367
0.350907 14.1688 0.962483 2.62348 1.7711 8.16335 14 11.0048
0.353413 14.1438 0.957209 2.62906 1.76797 8.12256 14 10.9728
0.355919 14.1185 0.951955 2.63466 1.76482 8.0819 14 10.9407
0.358424 14.0932 0.946719 2.64029 1.76165 8.04136 14 10.9086
0.36093 14.0676 0.941503 2.64593 1.75845 8.00094 14 10.8763
0.363436 14.0419 0.936305 2.6516 1.75524 7.96064 14 10.844
0.365942 14.016 0.931126 2.65729 1.75201 7.92046 14 10.8116
0.368447 13.99 0.925965 2.663 1.74875 7.8804 14 10.7791
0.370953 13.9638 0.920823 2.66874 1.74548 7.84046 14 10.7465
0.373459 13.9374 0.915699 2.6745 1.74218 7.80063 14 10.7138
0.375965 13.9109 0.910593 2.68028 1.73887 7.76093 14 10.681
0.37847 13.8842 0.905505 2.68608 1.73553 7.72134 14 10.6482
0.380976 13.8574 0.900435 2.69191 1.73217 7.68187 14 10.6152
0.383482 13.8304 0.895383 2.69776 1.7288 7.64252 14 10.5822
0.385988 13.8032 0.890349 2.70364 1.7254 7.60328 14 10.5491
0.388493 13.7758 0.885332 2.70954 1.72198 7.56416 14 10.5159
0.390999 13.7483 0.880332 2.71546 1.71854 7.52516 14 10.4826
0.393505 13.7207 0.875349 2.72141 1.71508 7.48627 14 10.4492
0.396011 13.6928 0.870384 2.72738 1.7116 7.4475 14 10.4158
0.398517 13.6648 0.865436 2.73338 1.7081 7.40884 14 10.3822
0.401022 13.6367 0.860505 2.7394 1.70458 7.37029 14 10.3486
0.403528 13.6083 0.85559 2.74545 1.70104 7.33186 14 10.3149
0.406034 13.5798 0.850692 2.75153 1.69748 7.29354 14 10.2811
0.40854 13.5512 0.845811 2.75762 1.6939 7.25533 14 10.2473
0.411045 13.5223 0.840946 2.76375 1.69029 7.21724 14 10.2133
0.413551 13.4933 0.836098 2.7699 1.68667 7.17925 14 10.1793
0.416057 13.4642 0.831266 2.77608 1.68302 7.14138 14 10.1452
0.418563 13.4349 0.82645 2.78228 1.67936 7.10362 14 10.111
0.421068 13.4054 0.821649 2.78851 1.67567 7.06597 14 10.0768
0.423574 13.3757 0.816865 2.79477 1.67197 7.02843 14 10.0424
0.42608 13.3459 0.812097 2.80106 1.66824 6.99099 14 10.008
0.428586 13.3159 0.807344 2.80737 1.66449 6.95367 14 9.97349
0.431091 13.2858 0.802607 2.81371 1.66072 6.91645 14 9.93891
0.433597 13.2554 0.797886 2.82008 1.65693 6.87934 14 9.90426
0.436103 13.225 0.79318 2.82647 1.65312 6.84234 14 9.86952
0.438609 13.1943 0.788489 2.8329 1.64929 6.80544 14 9.83471
0.441115 13.1635 0.783813 2.83935 1.64544 6.76865 14 9.79982
0.44362 13.1325 0.779153 2.84584 1.64156 6.73196 14 9.76485
0.446126 13.1013 0.774507 2.85235 1.63767 6.69538 14 9.72981
0.448632 13.07 0.769877 2.85889 1.63375 6.65891 14 9.69469
0.451138 13.0385 0.765261 2.86546 1.62982 6.62253 14 9.65949
0.453643 13.0069 0.76066 2.87206 1.62586 6.58626 14 9.62422
0.456149 12.975 0.756074 2.87869 1.62188 6.5501 14 9.58887
0.458655 12.943 0.751502 2.88536 1.61788 6.51403 14 9.55345
0.461161 12.9109 0.746944 2.89205 1.61386 6.47807 14 9.51795
0.463666 12.8785 0.742401 2.89878 1.60982 6.4422 14 9.48238
0.466172 12.846 0.737872 2.90553 1.60575 6.40644 14 9.44673
0.468678 12.8134 0.733358 2.91232 1.60167 6.37078 14 9.41101
0.471184 12.7805 0.728857 2.91914 1.59756 6.33522 14 9.37521
0.473689 12.7475 0.724371 2.92599 1.59344 6.29975 14 9.33934
0.476195 12.7143 0.719898 2.93288 1.58929 6.26438 14 9.3034
0.478701 12.6809 0.715439 2.93979 1.58512 6.22912 14 9.26738
0.481207 12.6474 0.710994 2.94675 1.58093 6.19394 14 9.23129
0.483713 12.6137 0.706562 2.95373 1.57671 6.15887 14 9.19512
0.486218 12.5798 0.702145 2.96075 1.57248 6.12389 14 9.15889
0.488724 12.5458 0.69774 2.9678 1.56823 6.08901 14 9.12258
0.49123 12.5116 0.693349 2.97489 1.56395 6.05422 14 9.0862
0.493736 12.4772 0.688972 2.98202 1.55965 6.01952 14 9.04974
0.496241 12.4426 0.684607 2.98917 1.55533 5.98492 14 9.01322
0.498747 12.4079 0.680256 2.99637 1.55099 5.95042 14 8.97662
0.501253 12.373 0.675918 3.0036 1.54662 5.916 14 8.93995
0.503759 12.3379 0.671592 3.01086 1.54224 5.88168 14 8.90321
0.506264 12.3026 0.66728 3.01817 1.53783 5.84745 14 8.8664
0.50877 12.2672 0.662981 3.02551 1.5334 5.81331 14 8.82951
0.511276 12.2316 0.658694 3.03289 1.52895 5.77926 14 8.79256
0.513782 12.1958 0.65442 3.0403 1.52448 5.7453 14 8.75553
0.516287 12.1599 0.650159 3.04776 1.51998 5.71143 14 8.71844
0.518793 12.1237 0.64591 3.05525 1.51547 5.67765 14 8.68127
0.521299 12.0874 0.641674 3.06278 1.51093 5.64395 14 8.64403
0.523805 12.0509 0.63745 3.07035 1.50637 5.61035 14 8.60673
0.526311 12.0143 0.633239 3.07796 1.50178 5.57683 14 8.56935
0.528816 11.9774 0.629039 3.08562 1.49718 5.5434 14 8.5319
0.531322 11.9404 0.624852 3.09331 1.49255 5.51005 14 8.49438
0.533828 11.9032 0.620677 3.10104 1.4879 5.47679 14 8.4568
0.536334 11.8658 0.616514 3.10882 1.48323 5.44361 14 8.41914
0.538839 11.8282 0.612363 3.11664 1.47853 5.41052 14 8.38141
0.541345 11.7905 0.608224 3.1245 1.47381 5.37751 14 8.34362
0.543851 11.7526 0.604097 3.1324 1.46907 5.34459 14 8.30575
0.546357 11.7145 0.599982 3.14035 1.46431 5.31175 14 8.26782
0.548862 11.6762 0.595878 3.14834 1.45952 5.27899 14 8.22982
0.551368 11.6377 0.591786 3.15637 1.45472 5.24631 14 8.19174
0.553874 11.5991 0.587705 3.16445 1.44988 5.21371 14 8.1536
0.55638 11.5602 0.583636 3.17258 1.44503 5.1812 14 8.11539
0.558885 11.5212 0.579579 3.18075 1.44015 5.14876 14 8.07711
0.561391 11.482 0.575533 3.18897 1.43525 5.1164 14 8.03876
0.563897 11.4426 0.571498 3.19724 1.43033 5.08412 14 8.00035
0.566403 11.4031 0.567474 3.20555 1.42538 5.05192 14 7.96186
0.568909 11.3633 0.563462 3.21391 1.42041 5.0198 14 7.92331
0.571414 11.3234 0.559461 3.22232 1.41542 4.98775 14 7.88469
0.57392 11.2832 0.55547 3.23078 1.41041 4.95578 14 7.846
0.576426 11.2429 0.551491 3.23929 1.40537 4.92389 14 7.80724
0.578932 11.2024 0.547523 3.24785 1.4003 4.89207 14 7.76841
0.581437 11.1617 0.543566 3.25646 1.39522 4.86033 14 7.72952
0.583943 11.1208 0.539619 3.26513 1.39011 4.82866 14 7.69055
0.586449 11.0798 0.535683 3.27384 1.38497 4.79707 14 7.65152
0.588955 11.0385 0.531758 3.28261 1.37981 4.76555 14 7.61242
0.59146 10.9971 0.527844 3.29143 1.37463 4.7341 14 7.57326
0.593966 10.9554 0.52394 3.30031 1.36943 4.70272 14 7.53402
0.596472 10.9136 0.520047 3.30924 1.3642 4.67142 14 7.49472
0.598978 10.8715 0.516164 3.31822 1.35894 4.64018 14 7.45535
0.601483 10.8293 0.512291 3.32727 1.35366 4.60902 14 7.41591
0.603989 10.7869 0.508429 3.33637 1.34836 4.57793 14 7.3764
0.606495 10.7443 0.504578 3.34552 1.34304 4.5469 14 7.33683
0.609001 10.7015 0.500736 3.35474 1.33768 4.51595 14 7.29718
0.611507 10.6585 0.496905 3.36402 1.33231 4.48506 14 7.25747
0.614012 10.6153 0.493084 3.37335 1.32691 4.45424 14 7.21769
0.616518 10.5719 0.489273 3.38275 1.32148 4.42349 14 7.17785
0.619024 10.5283 0.485472 3.39221 1.31603 4.39281 14 7.13793
0.62153 10.4845 0.481681 3.40173 1.31056 4.36219 14 7.09795
0.624035 10.4404 0.4779 3.41131 1.30506 4.33163 14 7.0579
0.626541 10.3962 0.474128 3.42096 1.29953 4.30115 14 7.01778
0.629047 10.3518 0.470367 3.43067 1.29398 4.27072 14 6.97759
0.631553 10.3072 0.466616 3.44045 1.2884 4.24036 14 6.93734
0.634058 10.2624 0.462874 3.45029 1.2828 4.21007 14 6.89702
0.636564 10.2174 0.459142 3.46021 1.27717 4.17983 14 6.85662
0.63907 10.1722 0.455419 3.47019 1.27152 4.14966 14 6.81616
0.641576 10.1267 0.451706 3.48024 1.26584 4.11955 14 6.77564
0.644081 10.0811 0.448003 3.49036 1.26014 4.0895 14 6.73504
0.646587 10.0353 0.444309 3.50055 1.25441 4.05952 14 6.69438
0.649093 9.98921 0.440624 3.51082 1.24865 4.02959 14 6.65364
0.651599 9.94294 0.436949 3.52116 1.24287 3.99972 14 6.61284
0.654105 9.89647 0.433283 3.53157 1.23706 3.96991 14 6.57197
0.65661 9.84978 0.429627 3.54206 1.23122 3.94016 14 6.53103
0.659116 9.80287 0.42598 3.55263 1.22536 3.91047 14 6.49003
0.661622 9.75576 0.422342 3.56327 1.21947 3.88083 14 6.44895
0.664128 9.70843 0.418713 3.57399 1.21355 3.85125 14 6.40781
0.666633 9.66088 0.415093 3.5848 1.20761 3.82173 14 6.36659
0.669139 9.61312 0.411482 3.59568 1.20164 3.79226 14 6.32531
0.671645 9.56513 0.40788 3.60665 1.19564 3.76285 14 6.28396
0.674151 9.51693 0.404288 3.6177 1.18962 3.73349 14 6.24253
0.676656 9.46851 0.400704 3.62884 1.18356 3.70419 14 6.20104
0.679162 9.41986 0.397129 3.64006 1.17748 3.67494 14 6.15948
0.681668 9.37099 0.393563 3.65137 1.17137 3.64574 14 6.11785
0.684174 9.3219 0.390006 3.66277 1.16524 3.6166 14 6.07615
0.686679 9.27258 0.386457 3.67427 1.15907 3.5875 14 6.03438
0.689185 9.22304 0.382917 3.68585 1.15288 3.55846 14 5.99254
0.691691 9.17326 0.379386 3.69753 1.14666 3.52947 14 5.95062
0.694197 9.12326 0.375863 3.7093 1.14041 3.50053 14 5.90864
0.696703 9.07303 0.372349 3.72117 1.13413 3.47163 14 5.86659
0.699208 9.02256 0.368844 3.73314 1.12782 3.44279 14 5.82447
0.701714 8.97186 0.365347 3.74521 1.12148 3.41399 14 5.78227
0.70422 8.92093 0.361859 3.75738 1.11512 3.38524 14 5.74
0.706726 8.86976 0.358378 3.76965 1.10872 3.35654 14 5.69767
0.709231 8.81835 0.354907 3.78203 1.10229 3.32788 14 5.65526
0.711737 8.76671 0.351443 3.79452 1.09584 3.29927 14 5.61278
0.714243 8.71482 0.347988 3.80712 1.08935 3.27071 14 5.57022
0.716749 8.66269 0.344542 3.81982 1.08284 3.24219 14 5.5276
0.719254 8.61032 0.341103 3.83264 1.07629 3.21371 14 5.4849
0.72176 8.5577 0.337672 3.84558 1.06971 3.18528 14 5.44213
0.724266 8.50484 0.33425 3.85863 1.0631 3.15689 14 5.39928
0.726772 8.45172 0.330836 3.8718 1.05647 3.12854 14 5.35637
0.729277 8.39836 0.32743 3.88509 1.0498 3.10023 14 5.31337
0.731783 8.34475 0.324032 3.89851 1.04309 3.07196 14 5.27031
0.734289 8.29088 0.320642 3.91205 1.03636 3.04374 14 5.22717
0.736795 8.23675 0.317259 3.92572 1.02959 3.01555 14 5.18396
0.739301 8.18237 0.313885 3.93952 1.0228 2.9874 14 5.14067
0.741806 8.12773 0.310519 3.95345 1.01597 2.95929 14 5.09731
0.744312 8.07283 0.30716 3.96752 1.0091 2.93122 14 5.05387
0.746818 8.01767 0.303809 3.98173 1.00221 2.90318 14 5.01035
0.749324 7.96224 0.300466 3.99608 0.995279 2.87518 14 4.96676
0.751829 7.90654 0.297131 4.01057 0.988317 2.84722 14 4.9231
0.754335 7.85057 0.293804 4.02521 0.981322 2.81929 14 4.87935
0.756841 7.79434 0.290484 4.04001 0.974292 2.79139 14 4.83553
0.759347 7.73783 0.287171 4.05495 0.967228 2.76353 14 4.79163
0.761852 7.68104 0.283867 4.07005 0.96013 2.7357 14 4.74766
0.764358 7.62398 0.28057 4.08531 0.952997 2.70791 14 4.7036
0.766864 7.56663 0.27728 4.10073 0.945829 2.68014 14 4.65947
0.76937 7.50901 0.273998 4.11632 0.938626 2.65241 14 4.61526
0.771875 7.45109 0.270723 4.13208 0.931387 2.6247 14 4.57097
0.774381 7.39289 0.267456 4.14802 0.924112 2.59702 14 4.5266
0.776887 7.33441 0.264196 4.16413 0.916801 2.56938 14 4.48215
0.779393 7.27562 0.260943 4.18043 0.909453 2.54175 14 4.43761
0.781898 7.21655 0.257698 4.19691 0.902068 2.51416 14 4.393
0.784404 7.15717 0.25446 4.21358 0.894647 2.48659 14 4.3483
0.78691 7.0975 0.25123 4.23044 0.887187 2.45905 14 4.30352
0.789416 7.03752 0.248006 4.24751 0.87969 2.43153 14 4.25866
0.791922 6.97723 0.24479 4.26478 0.872154 2.40404 14 4.21372
0.794427 6.91664 0.241581 4.28226 0.86458 2.37657 14 4.16869
0.796933 6.85573 0.238379 4.29995 0.856966 2.34912 14 4.12358
0.799439 6.79451 0.235184 4.31786 0.849313 2.32169 14 4.07838
0.801945 6.73296 0.231996 4.336 0.841621 2.29428 14 4.03309
0.80445 6.6711 0.228815 4.35437 0.833887 2.26689 14 3.98772
0.806956 6.60891 0.225641 4.37298 0.826114 2.23952 14 3.94226
0.809462 6.54639 0.222474 4.39183 0.818299 2.21216 14 3.89671
0.811968 6.48354 0.219314 4.41093 0.810442 2.18483 14 3.85108
0.814473 6.42035 0.216161 4.43028 0.802543 2.15751 14 3.80535
0.816979 6.35682 0.213015 4.4499 0.794602 2.1302 14 3.75954
0.819485 6.29295 0.209876 4.46979 0.786618 2.1029 14 3.71363
0.821991 6.22872 0.206743 4.48995 0.77859 2.07562 14 3.66764
0.824496 6.16415 0.203618 4.51041 0.770519 2.04835 14 3.62155
0.827002 6.09922 0.200499 4.53115 0.762402 2.0211 14 3.57536
0.829508 6.03393 0.197386 4.5522 0.754241 1.99385 14 3.52908
0.832014 5.96827 0.194281 4.57356 0.746034 1.9666 14 3.48271
0.83452 5.90224 0.191182 4.59525 0.73778 1.93937 14 3.43624
0.837025 5.83584 0.18809 4.61726 0.72948 1.91214 14 3.38968
0.839531 5.76906 0.185004 4.63961 0.721132 1.88492 14 3.34301
0.842037 5.70189 0.181925 4.66232 0.712736 1.8577 14 3.29625
0.844543 5.63433 0.178853 4.68539 0.704291 1.83048 14 3.24938
0.847048 5.56638 0.175787 4.70883 0.695797 1.80327 14 3.20242
0.849554 5.49802 0.172727 4.73266 0.687253 1.77605 14 3.15535
0.85206 5.42926 0.169675 4.75689 0.678657 1.74883 14 3.10818
0.854566 5.36008 0.166628 4.78154 0.67001 1.72161 14 3.06091
0.857071 5.29049 0.163588 4.80661 0.661311 1.69438 14 3.01352
0.859577 5.22047 0.160554 4.83213 0.652558 1.66715 14 2.96603
0.862083 5.15001 0.157527 4.85811 0.643752 1.63991 14 2.91843
0.864589 5.07912 0.154506 4.88456 0.63489 1.61267 14 2.87072
0.867094 5.00778 0.151491 4.91151 0.625973 1.58541 14 2.8229
0.8696 4.93599 0.148483 4.93896 0.616998 1.55814 14 2.77497
0.872106 4.86373 0.145481 4.96696 0.607966 1.53085 14 2.72692
0.874612 4.791 0.142485 4.9955 0.598875 1.50355 14 2.67875
0.877118 4.7178 0.139495 5.02463 0.589725 1.47624 14 2.63047
0.879623 4.64411 0.136512 5.05435 0.580513 1.4489 14 2.58206
0.882129 4.56992 0.133534 5.0847 0.57124 1.42154 14 2.53353
0.884635 4.49522 0.130563 5.1157 0.561903 1.39416 14 2.48488
0.887141 4.42001 0.127598 5.14738 0.552502 1.36675 14 2.4361
0.889646 4.34428 0.124639 5.17977 0.543035 1.33931 14 2.38719
0.892152 4.268 0.121686 5.21291 0.5335 1.31185 14 2.33815
0.894658 4.19118 0.118739 5.24682 0.523898 1.28435 14 2.28898
0.897164 4.1138 0.115798 5.28156 0.514225 1.25681 14 2.23967
0.899669 4.03585 0.112863 5.31714 0.504481 1.22924 14 2.19023
0.902175 3.9573 0.109934 5.35363 0.494663 1.20162 14 2.14064
0.904681 3.87816 0.107011 5.39107 0.484771 1.17397 14 2.0909
0.907187 3.79841 0.104094 5.4295 0.474801 1.14626 14 2.04102
0.909692 3.71803 0.101183 5.46899 0.464753 1.11851 14 1.99099
0.912198 3.637 0.0982775 5.50958 0.454625 1.0907 14 1.94081
0.914704 3.5553 0.0953779 5.55136 0.444413 1.06284 14 1.89046
0.91721 3.47293 0.0924842 5.59437 0.434116 1.03491 14 1.83996
0.919716 3.38986 0.0895962 5.63871 0.423732 1.00692 14 1.78929
0.922221 3.30606 0.0867141 5.68446 0.413258 0.978858 14 1.73845
0.924727 3.22153 0.0838376 5.7317 0.402691 0.950724 14 1.68743
0.927233 3.13623 0.0809669 5.78055 0.392028 0.922512 14 1.63623
0.929739 3.05014 0.0781019 5.8311 0.381267 0.894215 14 1.58485
0.932244 2.96323 0.0752426 5.88349 0.370403 0.865829 14 1.53328
0.93475 2.87547 0.0723889 5.93786 0.359434 0.837348 14 1.4815
0.937256 2.78684 0.0695409 5.99435 0.348356 0.808765 14 1.42953
0.939762 2.69731 0.0666985 6.05315 0.337163 0.780072 14 1.37734
0.942267 2.60682 0.0638616 6.11445 0.325853 0.751264 14 1.32494
0.944773 2.51535 0.0610304 6.17847 0.314419 0.722331 14 1.2723
0.947279 2.42286 0.0582047 6.24546 0.302857 0.693265 14 1.21943
0.949785 2.32929 0.0553845 6.31571 0.291161 0.664055 14 1.16631
0.95229 2.23459 0.0525698 6.38956 0.279324 0.634691 14 1.11294
0.954796 2.13872 0.0497605 6.46739 0.26734 0.605162 14 1.05929
0.957302 2.0416 0.0469568 6.54967 0.255199 0.575453 14 1.00536
0.959808 1.94316 0.0441585 6.63692 0.242895 0.54555 14 0.95113
0.962314 1.84333 0.0413656 6.72979 0.230416 0.515437 14 0.896582
0.964819 1.74201 0.0385781 6.82905 0.217751 0.485094 14 0.841697
0.967325 1.6391 0.0357959 6.93565 0.204888 0.454499 14 0.786453
0.969831 1.53449 0.0330192 7.05076 0.191811 0.423628 14 0.730824
0.972337 1.42803 0.0302477 7.17586 0.178504 0.392452 14 0.67478
0.974842 1.31956 0.0274816 7.31284 0.164946 0.360935 14 0.618284
0.977348 1.20889 0.0247208 7.4642 0.151111 0.329036 14 0.561294
0.979854 1.09577 0.0219652 7.63333 0.136972 0.296703 14 0.503758
0.98236 0.979908 0.0192149 7.82495 0.122488 0.263874 14 0.445609
0.984865 0.86091 0.0164698 8.04598 0.107614 0.230464 14 0.386764
0.987371 0.738264 0.01373 8.30711 0.0922829 0.196364 14 0.327108
0.989877 0.611243 0.0109953 8.62619 0.0764054 0.161417 14 0.266485
0.992383 0.478756 0.00826583 9.03648 0.0598446 0.125388 14 0.204655
0.994888 0.338959 0.0055415 9.61201 0.0423699 0.0878789 14 0.141214
0.997394 0.188014 0.00282229 10.5841 0.0235018 0.0480562 14 0.0753232
0.9999 0.0100384 0.000108208 15.2877 0.00125479 0.00245857 14 0.0035084
