x lev
0.0025 12.4794
0.005 6.73978
0.0075 4.8267
0.01 3.87039
0.0125 3.2969
0.015 2.91496
0.0175 2.64259
0.02 2.43882
0.0225 2.28091
0.025 2.1552
0.0275 2.05302
0.03 1.96858
0.0325 1.89789
0.035 1.83808
0.0375 1.78706
0.04 1.74327
0.0425 1.70548
0.045 1.67279
0.0475 1.64443
0.05 1.61981
0.0525 1.59846
0.055 1.57998
0.0575 1.56404
0.06 1.55036
0.0625 1.5387
0.065 1.52888
0.0675 1.5207
0.07 1.51404
0.0725 1.50874
0.075 1.5047
0.0775 1.50182
0.08 1.5
0.0825 1.49916
0.085 1.49923
0.0875 1.50013
0.09 1.50181
0.0925 1.50422
0.095 1.50729
0.0975 1.51099
0.1 1.51526
0.1025 1.52006
0.105 1.52536
0.1075 1.53113
0.11 1.53731
0.1125 1.5439
0.115 1.55084
0.1175 1.55812
0.12 1.56571
0.1225 1.57358
0.125 1.58171
0.1275 1.59008
0.13 1.59866
0.1325 1.60743
0.135 1.61637
0.1375 1.62547
0.14 1.63471
0.1425 1.64406
0.145 1.65351
0.1475 1.66306
0.15 1.67267
0.1525 1.68234
0.155 1.69205
0.1575 1.7018
0.16 1.71156
0.1625 1.72133
0.165 1.7311
0.1675 1.74085
0.17 1.75057
0.1725 1.76026
0.175 1.7699
0.1775 1.77949
0.18 1.78902
0.1825 1.79848
0.185 1.80786
0.1875 1.81716
0.19 1.82637
0.1925 1.83548
0.195 1.84448
0.1975 1.85338
0.2 1.86216
0.2025 1.87082
0.205 1.87936
0.2075 1.88777
0.21 1.89604
0.2125 1.90418
0.215 1.91218
0.2175 1.92004
0.22 1.92775
0.2225 1.93531
0.225 1.94273
0.2275 1.94998
0.23 1.95708
0.2325 1.96403
0.235 1.97081
0.2375 1.97744
0.24 1.9839
0.2425 1.9902
0.245 1.99634
0.2475 2.00231
0.25 2.00811
0.2525 2.01376
0.255 2.01923
0.2575 2.02454
0.26 2.02969
0.2625 2.03467
0.265 2.03948
0.2675 2.04413
0.27 2.04862
0.2725 2.05294
0.275 2.0571
0.2775 2.0611
0.28 2.06494
0.2825 2.06862
0.285 2.07215
0.2875 2.07551
0.29 2.07872
0.2925 2.08178
0.295 2.08468
0.2975 2.08744
0.3 2.09004
0.3025 2.0925
0.305 2.09481
0.3075 2.09698
0.31 2.09901
0.3125 2.10089
0.315 2.10264
0.3175 2.10426
0.32 2.10573
0.3225 2.10708
0.325 2.1083
0.3275 2.10939
0.33 2.11036
0.3325 2.1112
0.335 2.11192
0.3375 2.11253
0.34 2.11301
0.3425 2.11339
0.345 2.11365
0.3475 2.1138
0.35 2.11385
0.3525 2.11379
0.355 2.11363
0.3575 2.11336
0.36 2.113
0.3625 2.11255
0.365 2.112
0.3675 2.11136
0.37 2.11063
0.3725 2.10982
0.375 2.10892
0.3775 2.10793
0.38 2.10687
0.3825 2.10573
0.385 2.10452
0.3875 2.10323
0.39 2.10187
0.3925 2.10044
0.395 2.09895
0.3975 2.09739
0.4 2.09577
0.4025 2.09408
0.405 2.09234
0.4075 2.09054
0.41 2.08869
0.4125 2.08678
0.415 2.08482
0.4175 2.08281
0.42 2.08076
0.4225 2.07866
0.425 2.07651
0.4275 2.07433
0.43 2.0721
0.4325 2.06984
0.435 2.06753
0.4375 2.0652
0.44 2.06283
0.4425 2.06042
0.445 2.05799
0.4475 2.05552
0.45 2.05303
0.4525 2.05051
0.455 2.04797
0.4575 2.0454
0.46 2.04281
0.4625 2.0402
0.465 2.03757
0.4675 2.03493
0.47 2.03226
0.4725 2.02958
0.475 2.02688
0.4775 2.02417
0.48 2.02145
0.4825 2.01871
0.485 2.01596
0.4875 2.01321
0.49 2.01044
0.4925 2.00767
0.495 2.00489
0.4975 2.0021
0.5 1.99931
0.5025 1.99651
0.505 1.99371
0.5075 1.99091
0.51 1.9881
0.5125 1.9853
0.515 1.98249
0.5175 1.97968
0.52 1.97687
0.5225 1.97407
0.525 1.97126
0.5275 1.96846
0.53 1.96566
0.5325 1.96286
0.535 1.96007
0.5375 1.95728
0.54 1.9545
0.5425 1.95172
0.545 1.94894
0.5475 1.94618
0.55 1.94342
0.5525 1.94066
0.555 1.93792
0.5575 1.93518
0.56 1.93245
0.5625 1.92972
0.565 1.92701
0.5675 1.9243
0.57 1.9216
0.5725 1.91892
0.575 1.91624
0.5775 1.91357
0.58 1.91091
0.5825 1.90826
0.585 1.90562
0.5875 1.90299
0.59 1.90037
0.5925 1.89776
0.595 1.89517
0.5975 1.89258
0.6 1.89
0.6025 1.88744
0.605 1.88489
0.6075 1.88235
0.61 1.87982
0.6125 1.8773
0.615 1.87479
0.6175 1.87229
0.62 1.86981
0.6225 1.86734
0.625 1.86488
0.6275 1.86243
0.63 1.85999
0.6325 1.85757
0.635 1.85515
0.6375 1.85275
0.64 1.85036
0.6425 1.84798
0.645 1.84562
0.6475 1.84326
0.65 1.84092
0.6525 1.83859
0.655 1.83627
0.6575 1.83396
0.66 1.83166
0.6625 1.82938
0.665 1.82711
0.6675 1.82484
0.67 1.82259
0.6725 1.82036
0.675 1.81813
0.6775 1.81591
0.68 1.81371
0.6825 1.81152
0.685 1.80934
0.6875 1.80716
0.69 1.80501
0.6925 1.80286
0.695 1.80072
0.6975 1.79859
0.7 1.79648
0.7025 1.79437
0.705 1.79228
0.7075 1.7902
0.71 1.78812
0.7125 1.78606
0.715 1.78401
0.7175 1.78197
0.72 1.77994
0.7225 1.77792
0.725 1.77591
0.7275 1.77391
0.73 1.77192
0.7325 1.76994
0.735 1.76797
0.7375 1.76601
0.74 1.76406
0.7425 1.76212
0.745 1.76019
0.7475 1.75827
0.75 1.75636
0.7525 1.75446
0.755 1.75257
0.7575 1.75069
0.76 1.74881
0.7625 1.74695
0.765 1.7451
0.7675 1.74325
0.77 1.74141
0.7725 1.73959
0.775 1.73777
0.7775 1.73596
0.78 1.73416
0.7825 1.73237
0.785 1.73058
0.7875 1.72881
0.79 1.72704
0.7925 1.72529
0.795 1.72354
0.7975 1.7218
0.8 1.72006
0.8025 1.71834
0.805 1.71662
0.8075 1.71492
0.81 1.71322
0.8125 1.71153
0.815 1.70984
0.8175 1.70817
0.82 1.7065
0.8225 1.70484
0.825 1.70319
0.8275 1.70154
0.83 1.69991
0.8325 1.69828
0.835 1.69666
0.8375 1.69504
0.84 1.69344
0.8425 1.69184
0.845 1.69025
0.8475 1.68866
0.85 1.68708
0.8525 1.68551
0.855 1.68395
0.8575 1.6824
0.86 1.68085
0.8625 1.67931
0.865 1.67777
0.8675 1.67624
0.87 1.67472
0.8725 1.67321
0.875 1.6717
0.8775 1.6702
0.88 1.66871
0.8825 1.66722
0.885 1.66574
0.8875 1.66427
0.89 1.6628
0.8925 1.66134
0.895 1.65988
0.8975 1.65844
0.9 1.65699
0.9025 1.65556
0.905 1.65413
0.9075 1.65271
0.91 1.65129
0.9125 1.64988
0.915 1.64847
0.9175 1.64707
0.92 1.64568
0.9225 1.6443
0.925 1.64291
0.9275 1.64154
0.93 1.64017
0.9325 1.63881
0.935 1.63745
0.9375 1.6361
0.94 1.63475
0.9425 1.63341
0.945 1.63208
0.9475 1.63075
0.95 1.62943
0.9525 1.62811
0.955 1.6268
0.9575 1.62549
0.96 1.62419
0.9625 1.62289
0.965 1.6216
0.9675 1.62032
0.97 1.61904
0.9725 1.61776
0.975 1.61649
0.9775 1.61523
0.98 1.61397
0.9825 1.61272
0.985 1.61147
0.9875 1.61022
0.99 1.60899
0.9925 1.60775
0.995 1.60652
0.9975 1.6053
1 1.60408
