p ratio
0.0025 0.106988
0.005 0.176902
0.00749999 0.229776
0.00999999 0.272152
0.0125 0.307361
0.015 0.337357
0.0175 0.363393
0.02 0.386321
0.0225 0.406746
0.025 0.425116
0.0275 0.441771
0.03 0.456972
0.0325 0.47093
0.035 0.48381
0.0375 0.49575
0.04 0.506864
0.0425 0.517244
0.045 0.526972
0.0475 0.536114
0.05 0.54473
0.0524999 0.552868
0.0549999 0.560574
0.0574999 0.567884
0.0599999 0.574832
0.0624999 0.581449
0.0649999 0.587759
0.0674999 0.593788
0.0699999 0.599554
0.0724999 0.605079
0.0749999 0.610377
0.0774999 0.615465
0.0799999 0.620357
0.0824999 0.625065
0.0849999 0.6296
0.0874999 0.633974
0.0899999 0.638195
0.0924999 0.642272
0.0949999 0.646215
0.0974999 0.650029
0.0999999 0.653723
0.1025 0.657302
0.105 0.660772
0.1075 0.66414
0.11 0.667409
0.1125 0.670586
0.115 0.673673
0.1175 0.676676
0.12 0.679598
0.1225 0.682443
0.125 0.685215
0.1275 0.687916
0.13 0.69055
0.1325 0.693119
0.135 0.695626
0.1375 0.698074
0.14 0.700464
0.1425 0.7028
0.145 0.705084
0.1475 0.707316
0.15 0.7095
0.1525 0.711637
0.155 0.713729
0.1575 0.715777
0.16 0.717783
0.1625 0.719748
0.165 0.721674
0.1675 0.723563
0.17 0.725414
0.1725 0.727231
0.175 0.729013
0.1775 0.730762
0.18 0.732479
0.1825 0.734165
0.185 0.73582
0.1875 0.737447
0.19 0.739045
0.1925 0.740616
0.195 0.74216
0.1975 0.743679
0.2 0.745172
0.2025 0.746641
0.205 0.748086
0.2075 0.749508
0.21 0.750907
0.2125 0.752285
0.215 0.753642
0.2175 0.754978
0.22 0.756294
0.2225 0.75759
0.225 0.758868
0.2275 0.760126
0.23 0.761367
0.2325 0.76259
0.235 0.763796
0.2375 0.764985
0.24 0.766158
0.2425 0.767314
0.245 0.768455
0.2475 0.769581
0.25 0.770692
0.2525 0.771789
0.255 0.772871
0.2575 0.77394
0.26 0.774995
0.2625 0.776037
0.265 0.777065
0.2675 0.778082
0.27 0.779086
0.2725 0.780077
0.275 0.781057
0.2775 0.782025
0.28 0.782982
0.2825 0.783928
0.285 0.784863
0.2875 0.785788
0.29 0.786702
0.2925 0.787605
0.295 0.788499
0.2975 0.789383
0.3 0.790258
0.3025 0.791123
0.305 0.791978
0.3075 0.792825
0.31 0.793663
0.3125 0.794492
0.315 0.795313
0.3175 0.796125
0.32 0.796929
0.3225 0.797725
0.325 0.798513
0.3275 0.799293
0.33 0.800066
0.3325 0.800831
0.335 0.801589
0.3375 0.802339
0.34 0.803083
0.3425 0.80382
0.345 0.804549
0.3475 0.805272
0.35 0.805989
0.3525 0.806699
0.355 0.807403
0.3575 0.8081
0.36 0.808791
0.3625 0.809476
0.365 0.810156
0.3675 0.810829
0.37 0.811497
0.3725 0.812159
0.375 0.812815
0.3775 0.813466
0.38 0.814112
0.3825 0.814752
0.385 0.815387
0.3875 0.816017
0.39 0.816642
0.3925 0.817262
0.395 0.817877
0.3975 0.818488
0.4 0.819093
0.4025 0.819694
0.405 0.820291
0.4075 0.820883
0.41 0.82147
0.4125 0.822053
0.415 0.822632
0.4175 0.823206
0.42 0.823777
0.4225 0.824343
0.425 0.824905
0.4275 0.825463
0.43 0.826018
0.4325 0.826568
0.435 0.827115
0.4375 0.827658
0.44 0.828197
0.4425 0.828732
0.445 0.829264
0.4475 0.829793
0.45 0.830318
0.4525 0.830839
0.455 0.831357
0.4575 0.831872
0.46 0.832383
0.4625 0.832892
0.465 0.833397
0.4675 0.833898
0.47 0.834397
0.4725 0.834893
0.475 0.835386
0.4775 0.835875
0.48 0.836362
0.4825 0.836846
0.485 0.837327
0.4875 0.837805
0.49 0.838281
0.4925 0.838753
0.495 0.839223
0.4975 0.839691
0.5 0.840155
0.502499 0.840618
0.504999 0.841077
0.507499 0.841534
0.509999 0.841989
0.512499 0.842441
0.514999 0.842891
0.517499 0.843338
0.519999 0.843783
0.522499 0.844226
0.524999 0.844666
0.527499 0.845104
0.529999 0.84554
0.532499 0.845974
0.534999 0.846406
0.537499 0.846835
0.539999 0.847263
0.542499 0.847688
0.544999 0.848111
0.547499 0.848533
0.549999 0.848952
0.552499 0.849369
0.554999 0.849785
0.557499 0.850198
0.559999 0.85061
0.562499 0.851019
0.564999 0.851427
0.567499 0.851834
0.569999 0.852238
0.572499 0.852641
0.574999 0.853042
0.577499 0.853441
0.579999 0.853838
0.582499 0.854234
0.584999 0.854629
0.587499 0.855021
0.589999 0.855412
0.592499 0.855802
0.594999 0.85619
0.597499 0.856576
0.599999 0.856961
0.602499 0.857345
0.604999 0.857727
0.607499 0.858108
0.609999 0.858487
0.612499 0.858865
0.614999 0.859242
0.617499 0.859617
0.619999 0.859991
0.622499 0.860363
0.624999 0.860735
0.627499 0.861105
0.629999 0.861474
0.632499 0.861841
0.634999 0.862208
0.637499 0.862573
0.639999 0.862937
0.642499 0.8633
0.644999 0.863662
0.647499 0.864023
0.649999 0.864383
0.652499 0.864742
0.654999 0.8651
0.657499 0.865456
0.659999 0.865812
0.662499 0.866167
0.664999 0.86652
0.667499 0.866873
0.669999 0.867225
0.672499 0.867576
0.674999 0.867926
0.677499 0.868276
0.679999 0.868624
0.682499 0.868972
0.684999 0.869319
0.687499 0.869665
0.689999 0.87001
0.692499 0.870355
0.694999 0.870699
0.697499 0.871042
0.699999 0.871384
0.702499 0.871726
0.704999 0.872067
0.707499 0.872408
0.709999 0.872748
0.712499 0.873087
0.714999 0.873426
0.717499 0.873764
0.719999 0.874102
0.722499 0.874439
0.724999 0.874776
0.727499 0.875112
0.729999 0.875448
0.732499 0.875783
0.734999 0.876118
0.737499 0.876453
0.739999 0.876787
0.742499 0.877121
0.744999 0.877455
0.747499 0.877788
0.749999 0.878121
0.752499 0.878454
0.754999 0.878786
0.757499 0.879119
0.759999 0.879451
0.762499 0.879783
0.764999 0.880115
0.767499 0.880446
0.769999 0.880778
0.772499 0.88111
0.774999 0.881441
0.777499 0.881773
0.779999 0.882104
0.782499 0.882436
0.784999 0.882768
0.787499 0.883099
0.789999 0.883431
0.792499 0.883763
0.794999 0.884096
0.797499 0.884428
0.799999 0.884761
0.802499 0.885094
0.804999 0.885427
0.807499 0.885761
0.809999 0.886095
0.812499 0.886429
0.814999 0.886764
0.817499 0.8871
0.819999 0.887436
0.822499 0.887772
0.824999 0.888109
0.827499 0.888447
0.829999 0.888785
0.832499 0.889125
0.834999 0.889465
0.837499 0.889805
0.839999 0.890147
0.842499 0.89049
0.844999 0.890833
0.847499 0.891178
0.849999 0.891524
0.852499 0.891871
0.854999 0.892219
0.857499 0.892568
0.859999 0.892919
0.862499 0.893271
0.864999 0.893625
0.867499 0.89398
0.869999 0.894337
0.872499 0.894696
0.874999 0.895057
0.877499 0.895419
0.879999 0.895783
0.882499 0.89615
0.884999 0.896519
0.887499 0.89689
0.889999 0.897264
0.892499 0.89764
0.894999 0.898019
0.897499 0.898401
0.899999 0.898786
0.902499 0.899174
0.904999 0.899565
0.907499 0.89996
0.909999 0.900359
0.912499 0.900762
0.914999 0.901169
0.917499 0.90158
0.919999 0.901996
0.922499 0.902417
0.924999 0.902844
0.927499 0.903276
0.929999 0.903714
0.932499 0.904159
0.934999 0.904611
0.937499 0.90507
0.939999 0.905538
0.942499 0.906013
0.944999 0.906499
0.947499 0.906994
0.949999 0.9075
0.952499 0.908019
0.954999 0.908551
0.957499 0.909097
0.959999 0.909659
0.962499 0.91024
0.964999 0.91084
0.967499 0.911463
0.969999 0.912112
0.972499 0.912791
0.974999 0.913504
0.977499 0.914258
0.979999 0.915062
0.982499 0.915926
0.984999 0.916866
0.987499 0.917906
0.989999 0.919085
0.992499 0.920469
0.994999 0.922198
0.997499 0.924679
0.999999 0.936376
