t gamma
0.000000 1.000000
0.000244 1.000000
0.000488 1.000000
0.000732 1.000000
0.000977 1.000000
0.001221 1.000000
0.001465 1.000000
0.001709 1.000000
0.001953 1.000000
0.002197 1.000000
0.002441 1.000000
0.002686 1.000000
0.002930 1.000000
0.003174 1.000000
0.003418 1.000000
0.003662 1.000000
0.003906 1.000000
0.004150 1.000000
0.004395 1.000000
0.004639 1.000000
0.004883 1.000000
0.005127 1.000000
0.005371 1.000000
0.005615 1.000000
0.005859 1.000000
0.006104 1.000000
0.006348 1.000000
0.006592 1.000000
0.006836 1.000000
0.007080 1.000000
0.007324 1.000000
0.007568 1.000000
0.007812 1.000000
0.008057 1.000000
0.008301 1.000000
0.008545 1.000000
0.008789 1.000000
0.009033 1.000000
0.009277 1.000000
0.009521 1.000000
0.009766 1.000000
0.010010 1.000000
0.010254 1.000000
0.010498 1.000000
0.010742 1.000000
0.010986 1.000000
0.011230 1.000000
0.011475 1.000000
0.011719 1.000000
0.011963 1.000000
0.012207 1.000000
0.012451 1.000000
0.012695 1.000000
0.012939 1.000000
0.013184 1.000000
0.013428 1.000000
0.013672 1.000000
0.013916 1.000000
0.014160 1.000000
0.014404 1.000000
0.014648 1.000000
0.014893 1.000000
0.015137 1.000000
0.015381 1.000000
0.015625 1.000000
0.015869 1.000000
0.016113 1.000000
0.016357 1.000000
0.016602 1.000000
0.016846 1.000000
0.017090 1.000000
0.017334 1.000000
0.017578 1.000000
0.017822 1.000000
0.018066 1.000000
0.018311 1.000000
0.018555 1.000000
0.018799 1.000000
0.019043 1.000000
0.019287 1.000000
0.019531 1.000000
0.019775 1.000000
0.020020 1.000000
0.020264 1.000000
0.020508 1.000000
0.020752 1.000000
0.020996 1.000000
0.021240 1.000000
0.021484 1.000000
0.021729 1.000000
0.021973 1.000000
0.022217 1.000000
0.022461 1.000000
0.022705 1.000000
0.022949 1.000000
0.023193 1.000000
0.023438 1.000000
0.023682 1.000000
0.023926 1.000000
0.024170 1.000000
0.024414 1.000000
0.024658 1.000000
0.024902 1.000000
0.025146 1.000000
0.025391 1.000000
0.025635 1.000000
0.025879 1.000000
0.026123 1.000000
0.026367 1.000000
0.026611 1.000000
0.026855 1.000000
0.027100 1.000000
0.027344 1.000000
0.027588 1.000000
0.027832 1.000000
0.028076 1.000000
0.028320 1.000000
0.028564 1.000000
0.028809 1.000000
0.029053 1.000000
0.029297 1.000000
0.029541 1.000000
0.029785 1.000000
0.030029 1.000000
0.030273 1.000000
0.030518 1.000000
0.030762 1.000000
0.031006 1.000000
0.031250 1.000000
0.031494 1.000000
0.031738 1.000000
0.031982 1.000000
0.032227 1.000000
0.032471 1.000000
0.032715 1.000000
0.032959 1.000000
0.033203 1.000000
0.033447 1.000000
0.033691 1.000000
0.033936 1.000000
0.034180 1.000000
0.034424 1.000000
0.034668 1.000000
0.034912 1.000000
0.035156 1.000000
0.035400 1.000000
0.035645 1.000000
0.035889 1.000000
0.036133 1.000000
0.036377 1.000000
0.036621 1.000000
0.036865 1.000000
0.037109 1.000000
0.037354 1.000000
0.037598 1.000000
0.037842 1.000000
0.038086 1.000000
0.038330 1.000000
0.038574 1.000000
0.038818 1.000000
0.039062 1.000000
0.039307 1.000000
0.039551 1.000000
0.039795 1.000000
0.040039 1.000000
0.040283 1.000000
0.040527 1.000000
0.040771 1.000000
0.041016 1.000000
0.041260 1.000000
0.041504 1.000000
0.041748 1.000000
0.041992 1.000000
0.042236 1.000000
0.042480 1.000000
0.042725 1.000000
0.042969 1.000000
0.043213 1.000000
0.043457 1.000000
0.043701 1.000000
0.043945 1.000000
0.044189 1.000000
0.044434 1.000000
0.044678 1.000000
0.044922 1.000000
0.045166 1.000000
0.045410 1.000000
0.045654 1.000000
0.045898 1.000000
0.046143 1.000000
0.046387 1.000000
0.046631 1.000000
0.046875 1.000000
0.047119 1.000000
0.047363 1.000000
0.047607 1.000000
0.047852 1.000000
0.048096 1.000000
0.048340 1.000000
0.048584 1.000000
0.048828 1.000000
0.049072 1.000000
0.049316 1.000000
0.049561 1.000000
0.049805 1.000000
0.050049 1.000000
0.050293 1.000000
0.050537 1.000000
0.050781 1.000000
0.051025 1.000000
0.051270 1.000000
0.051514 1.000000
0.051758 1.000000
0.052002 1.000000
0.052246 1.000000
0.052490 1.000000
0.052734 1.000000
0.052979 1.000000
0.053223 1.000000
0.053467 1.000000
0.053711 1.000000
0.053955 1.000000
0.054199 1.000000
0.054443 1.000000
0.054688 1.000000
0.054932 1.000000
0.055176 1.000000
0.055420 1.000000
0.055664 1.000000
0.055908 1.000000
0.056152 1.000000
0.056396 1.000000
0.056641 1.000000
0.056885 1.000000
0.057129 1.000000
0.057373 1.000000
0.057617 1.000000
0.057861 1.000000
0.058105 1.000000
0.058350 1.000000
0.058594 1.000000
0.058838 1.000000
0.059082 1.000000
0.059326 1.000000
0.059570 1.000000
0.059814 1.000000
0.060059 1.000000
0.060303 1.000000
0.060547 1.000000
0.060791 1.000000
0.061035 1.000000
0.061279 1.000000
0.061523 1.000000
0.061768 1.000000
0.062012 1.000000
0.062256 1.000000
0.062500 1.000000
0.062744 1.000000
0.062988 1.000000
0.063232 1.000000
0.063477 1.000000
0.063721 1.000000
0.063965 1.000000
0.064209 1.000000
0.064453 1.000000
0.064697 1.000000
0.064941 1.000000
0.065186 1.000000
0.065430 1.000000
0.065674 1.000000
0.065918 1.000000
0.066162 1.000000
0.066406 1.000000
0.066650 1.000000
0.066895 1.000000
0.067139 1.000000
0.067383 1.000000
0.067627 1.000000
0.067871 1.000000
0.068115 1.000000
0.068359 1.000000
0.068604 1.000000
0.068848 1.000000
0.069092 1.000000
0.069336 1.000000
0.069580 1.000000
0.069824 1.000000
0.070068 1.000000
0.070312 1.000000
0.070557 1.000000
0.070801 1.000000
0.071045 1.000000
0.071289 1.000000
0.071533 1.000000
0.071777 1.000000
0.072021 1.000000
0.072266 1.000000
0.072510 1.000000
0.072754 1.000000
0.072998 1.000000
0.073242 1.000000
0.073486 1.000000
0.073730 1.000000
0.073975 1.000000
0.074219 1.000000
0.074463 1.000000
0.074707 1.000000
0.074951 1.000000
0.075195 1.000000
0.075439 1.000000
0.075684 1.000000
0.075928 1.000000
0.076172 1.000000
0.076416 1.000000
0.076660 1.000000
0.076904 1.000000
0.077148 1.000000
0.077393 1.000000
0.077637 1.000000
0.077881 1.000000
0.078125 1.000000
0.078369 1.000000
0.078613 1.000000
0.078857 1.000000
0.079102 1.000000
0.079346 1.000000
0.079590 1.000000
0.079834 1.000000
0.080078 1.000000
0.080322 1.000000
0.080566 1.000000
0.080811 1.000000
0.081055 1.000000
0.081299 1.000000
0.081543 1.000000
0.081787 1.000000
0.082031 1.000000
0.082275 1.000000
0.082520 1.000000
0.082764 1.000000
0.083008 1.000000
0.083252 1.000000
0.083496 1.000000
0.083740 1.000000
0.083984 1.000000
0.084229 1.000000
0.084473 1.000000
0.084717 1.000000
0.084961 1.000000
0.085205 1.000000
0.085449 1.000000
0.085693 1.000000
0.085938 1.000000
0.086182 1.000000
0.086426 1.000000
0.086670 1.000000
0.086914 1.000000
0.087158 1.000000
0.087402 1.000000
0.087646 1.000000
0.087891 1.000000
0.088135 1.000000
0.088379 1.000000
0.088623 1.000000
0.088867 1.000000
0.089111 1.000000
0.089355 1.000000
0.089600 1.000000
0.089844 1.000000
0.090088 1.000000
0.090332 1.000000
0.090576 1.000000
0.090820 1.000000
0.091064 1.000000
0.091309 1.000000
0.091553 1.000000
0.091797 1.000000
0.092041 1.000000
0.092285 1.000000
0.092529 1.000000
0.092773 1.000000
0.093018 1.000000
0.093262 1.000000
0.093506 1.000000
0.093750 1.000000
0.093994 1.000000
0.094238 1.000000
0.094482 1.000000
0.094727 1.000000
0.094971 1.000000
0.095215 1.000000
0.095459 1.000000
0.095703 1.000000
0.095947 1.000000
0.096191 1.000000
0.096436 1.000000
0.096680 1.000000
0.096924 1.000000
0.097168 1.000000
0.097412 1.000000
0.097656 1.000000
0.097900 1.000000
0.098145 1.000000
0.098389 1.000000
0.098633 1.000000
0.098877 1.000000
0.099121 1.000000
0.099365 1.000000
0.099609 1.000000
0.099854 1.000000
0.100098 1.000000
0.100342 1.000000
0.100586 1.000000
0.100830 1.000000
0.101074 1.000000
0.101318 1.000000
0.101562 1.000000
0.101807 1.000000
0.102051 1.000000
0.102295 1.000000
0.102539 1.000000
0.102783 1.000000
0.103027 1.000000
0.103271 1.000000
0.103516 1.000000
0.103760 1.000000
0.104004 1.000000
0.104248 1.000000
0.104492 1.000000
0.104736 1.000000
0.104980 1.000000
0.105225 1.000000
0.105469 1.000000
0.105713 1.000000
0.105957 1.000000
0.106201 1.000000
0.106445 1.000000
0.106689 1.000000
0.106934 1.000000
0.107178 1.000000
0.107422 1.000000
0.107666 1.000000
0.107910 1.000000
0.108154 1.000000
0.108398 1.000000
0.108643 1.000000
0.108887 1.000000
0.109131 1.000000
0.109375 1.000000
0.109619 1.000000
0.109863 1.000000
0.110107 1.000000
0.110352 1.000000
0.110596 1.000000
0.110840 1.000000
0.111084 1.000000
0.111328 1.000000
0.111572 1.000000
0.111816 1.000000
0.112061 1.000000
0.112305 1.000000
0.112549 1.000000
0.112793 1.000000
0.113037 1.000000
0.113281 1.000000
0.113525 1.000000
0.113770 1.000000
0.114014 1.000000
0.114258 1.000000
0.114502 1.000000
0.114746 1.000000
0.114990 1.000000
0.115234 1.000000
0.115479 1.000000
0.115723 1.000000
0.115967 1.000000
0.116211 1.000000
0.116455 1.000000
0.116699 1.000000
0.116943 1.000000
0.117188 1.000000
0.117432 1.000000
0.117676 1.000000
0.117920 1.000000
0.118164 1.000000
0.118408 1.000000
0.118652 1.000000
0.118896 1.000000
0.119141 1.000000
0.119385 1.000000
0.119629 1.000000
0.119873 1.000000
0.120117 1.000000
0.120361 1.000000
0.120605 1.000000
0.120850 1.000000
0.121094 1.000000
0.121338 1.000000
0.121582 1.000000
0.121826 1.000000
0.122070 1.000000
0.122314 1.000000
0.122559 1.000000
0.122803 1.000000
0.123047 1.000000
0.123291 1.000000
0.123535 1.000000
0.123779 1.000000
0.124023 1.000000
0.124268 1.000000
0.124512 1.000000
0.124756 1.000000
0.125000 1.000000
0.125244 1.000000
0.125488 1.000000
0.125732 1.000000
0.125977 1.000000
0.126221 1.000000
0.126465 1.000000
0.126709 1.000000
0.126953 1.000000
0.127197 1.000000
0.127441 1.000000
0.127686 1.000000
0.127930 1.000000
0.128174 1.000000
0.128418 1.000000
0.128662 1.000000
0.128906 1.000000
0.129150 1.000000
0.129395 1.000000
0.129639 1.000000
0.129883 1.000000
0.130127 1.000000
0.130371 1.000000
0.130615 1.000000
0.130859 1.000000
0.131104 1.000000
0.131348 1.000000
0.131592 1.000000
0.131836 1.000000
0.132080 1.000000
0.132324 1.000000
0.132568 1.000000
0.132812 1.000000
0.133057 1.000000
0.133301 1.000000
0.133545 1.000000
0.133789 1.000000
0.134033 1.000000
0.134277 1.000000
0.134521 1.000000
0.134766 1.000000
0.135010 1.000000
0.135254 1.000000
0.135498 1.000000
0.135742 1.000000
0.135986 1.000000
0.136230 1.000000
0.136475 1.000000
0.136719 1.000000
0.136963 1.000000
0.137207 1.000000
0.137451 1.000000
0.137695 1.000000
0.137939 1.000000
0.138184 1.000000
0.138428 1.000000
0.138672 1.000000
0.138916 1.000000
0.139160 1.000000
0.139404 1.000000
0.139648 1.000000
0.139893 1.000000
0.140137 1.000000
0.140381 1.000000
0.140625 1.000000
0.140869 1.000000
0.141113 1.000000
0.141357 1.000000
0.141602 1.000000
0.141846 1.000000
0.142090 1.000000
0.142334 1.000000
0.142578 1.000000
0.142822 1.000000
0.143066 1.000000
0.143311 1.000000
0.143555 1.000000
0.143799 1.000000
0.144043 1.000000
0.144287 1.000000
0.144531 1.000000
0.144775 1.000000
0.145020 1.000000
0.145264 1.000000
0.145508 1.000000
0.145752 1.000000
0.145996 1.000000
0.146240 1.000000
0.146484 1.000000
0.146729 1.000000
0.146973 1.000000
0.147217 1.000000
0.147461 1.000000
0.147705 1.000000
0.147949 1.000000
0.148193 1.000000
0.148438 1.000000
0.148682 1.000000
0.148926 1.000000
0.149170 1.000000
0.149414 1.000000
0.149658 1.000000
0.149902 1.000000
0.150146 1.000000
0.150391 1.000000
0.150635 1.000000
0.150879 1.000000
0.151123 1.000000
0.151367 1.000000
0.151611 1.000000
0.151855 1.000000
0.152100 1.000000
0.152344 1.000000
0.152588 1.000000
0.152832 1.000000
0.153076 1.000000
0.153320 1.000000
0.153564 1.000000
0.153809 1.000000
0.154053 1.000000
0.154297 1.000000
0.154541 1.000000
0.154785 1.000000
0.155029 1.000000
0.155273 1.000000
0.155518 1.000000
0.155762 1.000000
0.156006 1.000000
0.156250 1.000000
0.156494 1.000000
0.156738 1.000000
0.156982 1.000000
0.157227 1.000000
0.157471 1.000000
0.157715 1.000000
0.157959 1.000000
0.158203 1.000000
0.158447 1.000000
0.158691 1.000000
0.158936 1.000000
0.159180 1.000000
0.159424 1.000000
0.159668 1.000000
0.159912 1.000000
0.160156 1.000000
0.160400 1.000000
0.160645 1.000000
0.160889 1.000000
0.161133 1.000000
0.161377 1.000000
0.161621 1.000000
0.161865 1.000000
0.162109 1.000000
0.162354 1.000000
0.162598 1.000000
0.162842 1.000000
0.163086 1.000000
0.163330 1.000000
0.163574 1.000000
0.163818 1.000000
0.164062 1.000000
0.164307 1.000000
0.164551 1.000000
0.164795 1.000000
0.165039 1.000000
0.165283 1.000000
0.165527 1.000000
0.165771 1.000000
0.166016 1.000000
0.166260 1.000000
0.166504 1.000000
0.166748 1.000000
0.166992 1.000000
0.167236 1.000000
0.167480 1.000000
0.167725 1.000000
0.167969 1.000000
0.168213 1.000000
0.168457 1.000000
0.168701 1.000000
0.168945 1.000000
0.169189 1.000000
0.169434 1.000000
0.169678 1.000000
0.169922 1.000000
0.170166 1.000000
0.170410 1.000000
0.170654 1.000000
0.170898 1.000000
0.171143 1.000000
0.171387 1.000000
0.171631 1.000000
0.171875 1.000000
0.172119 1.000000
0.172363 1.000000
0.172607 1.000000
0.172852 1.000000
0.173096 1.000000
0.173340 1.000000
0.173584 1.000000
0.173828 1.000000
0.174072 1.000000
0.174316 1.000000
0.174561 1.000000
0.174805 1.000000
0.175049 1.000000
0.175293 1.000000
0.175537 1.000000
0.175781 1.000000
0.176025 1.000000
0.176270 1.000000
0.176514 1.000000
0.176758 1.000000
0.177002 1.000000
0.177246 1.000000
0.177490 1.000000
0.177734 1.000000
0.177979 1.000000
0.178223 1.000000
0.178467 1.000000
0.178711 1.000000
0.178955 1.000000
0.179199 1.000000
0.179443 1.000000
0.179688 1.000000
0.179932 1.000000
0.180176 1.000000
0.180420 1.000000
0.180664 1.000000
0.180908 1.000000
0.181152 1.000000
0.181396 1.000000
0.181641 1.000000
0.181885 1.000000
0.182129 1.000000
0.182373 1.000000
0.182617 1.000000
0.182861 1.000000
0.183105 1.000000
0.183350 1.000000
0.183594 1.000000
0.183838 1.000000
0.184082 1.000000
0.184326 1.000000
0.184570 1.000000
0.184814 1.000000
0.185059 1.000000
0.185303 1.000000
0.185547 1.000000
0.185791 1.000000
0.186035 1.000000
0.186279 1.000000
0.186523 1.000000
0.186768 1.000000
0.187012 1.000000
0.187256 1.000000
0.187500 1.000000
0.187744 1.000000
0.187988 1.000000
0.188232 1.000000
0.188477 1.000000
0.188721 1.000000
0.188965 1.000000
0.189209 1.000000
0.189453 1.000000
0.189697 1.000000
0.189941 1.000000
0.190186 1.000000
0.190430 1.000000
0.190674 1.000000
0.190918 1.000000
0.191162 1.000000
0.191406 1.000000
0.191650 1.000000
0.191895 1.000000
0.192139 1.000000
0.192383 1.000000
0.192627 1.000000
0.192871 1.000000
0.193115 1.000000
0.193359 1.000000
0.193604 1.000000
0.193848 1.000000
0.194092 1.000000
0.194336 1.000000
0.194580 1.000000
0.194824 1.000000
0.195068 1.000000
0.195312 1.000000
0.195557 1.000000
0.195801 1.000000
0.196045 1.000000
0.196289 1.000000
0.196533 1.000000
0.196777 1.000000
0.197021 1.000000
0.197266 1.000000
0.197510 1.000000
0.197754 1.000000
0.197998 1.000000
0.198242 1.000000
0.198486 1.000000
0.198730 1.000000
0.198975 1.000000
0.199219 1.000000
0.199463 1.000000
0.199707 1.000000
0.199951 1.000000
0.200195 1.000000
0.200439 1.000000
0.200684 1.000000
0.200928 1.000000
0.201172 1.000000
0.201416 1.000000
0.201660 1.000000
0.201904 1.000000
0.202148 1.000000
0.202393 1.000000
0.202637 1.000000
0.202881 1.000000
0.203125 1.000000
0.203369 1.000000
0.203613 1.000000
0.203857 1.000000
0.204102 1.000000
0.204346 1.000000
0.204590 1.000000
0.204834 1.000000
0.205078 1.000000
0.205322 1.000000
0.205566 1.000000
0.205811 1.000000
0.206055 1.000000
0.206299 1.000000
0.206543 1.000000
0.206787 1.000000
0.207031 1.000000
0.207275 1.000000
0.207520 1.000000
0.207764 1.000000
0.208008 1.000000
0.208252 1.000000
0.208496 1.000000
0.208740 1.000000
0.208984 1.000000
0.209229 1.000000
0.209473 1.000000
0.209717 1.000000
0.209961 1.000000
0.210205 1.000000
0.210449 1.000000
0.210693 1.000000
0.210938 1.000000
0.211182 1.000000
0.211426 1.000000
0.211670 1.000000
0.211914 1.000000
0.212158 1.000000
0.212402 1.000000
0.212646 1.000000
0.212891 1.000000
0.213135 1.000000
0.213379 1.000000
0.213623 1.000000
0.213867 1.000000
0.214111 1.000000
0.214355 1.000000
0.214600 1.000000
0.214844 1.000000
0.215088 1.000000
0.215332 1.000000
0.215576 1.000000
0.215820 1.000000
0.216064 1.000000
0.216309 1.000000
0.216553 1.000000
0.216797 1.000000
0.217041 1.000000
0.217285 1.000000
0.217529 1.000000
0.217773 1.000000
0.218018 1.000000
0.218262 1.000000
0.218506 1.000000
0.218750 1.000000
0.218994 1.000000
0.219238 1.000000
0.219482 1.000000
0.219727 1.000000
0.219971 1.000000
0.220215 1.000000
0.220459 1.000000
0.220703 1.000000
0.220947 1.000000
0.221191 1.000000
0.221436 1.000000
0.221680 1.000000
0.221924 1.000000
0.222168 1.000000
0.222412 1.000000
0.222656 1.000000
0.222900 1.000000
0.223145 1.000000
0.223389 1.000000
0.223633 1.000000
0.223877 1.000000
0.224121 1.000000
0.224365 1.000000
0.224609 1.000000
0.224854 1.000000
0.225098 1.000000
0.225342 1.000000
0.225586 1.000000
0.225830 1.000000
0.226074 1.000000
0.226318 1.000000
0.226562 1.000000
0.226807 1.000000
0.227051 1.000000
0.227295 1.000000
0.227539 1.000000
0.227783 1.000000
0.228027 1.000000
0.228271 1.000000
0.228516 1.000000
0.228760 1.000000
0.229004 1.000000
0.229248 1.000000
0.229492 1.000000
0.229736 1.000000
0.229980 1.000000
0.230225 1.000000
0.230469 1.000000
0.230713 1.000000
0.230957 1.000000
0.231201 1.000000
0.231445 1.000000
0.231689 1.000000
0.231934 1.000000
0.232178 1.000000
0.232422 1.000000
0.232666 1.000000
0.232910 1.000000
0.233154 1.000000
0.233398 1.000000
0.233643 1.000000
0.233887 1.000000
0.234131 1.000000
0.234375 1.000000
0.234619 1.000000
0.234863 1.000000
0.235107 1.000000
0.235352 1.000000
0.235596 1.000000
0.235840 1.000000
0.236084 1.000000
0.236328 1.000000
0.236572 1.000000
0.236816 1.000000
0.237061 1.000000
0.237305 1.000000
0.237549 1.000000
0.237793 1.000000
0.238037 1.000000
0.238281 1.000000
0.238525 1.000000
0.238770 1.000000
0.239014 1.000000
0.239258 1.000000
0.239502 1.000000
0.239746 1.000000
0.239990 1.000000
0.240234 1.000000
0.240479 1.000000
0.240723 1.000000
0.240967 1.000000
0.241211 1.000000
0.241455 1.000000
0.241699 1.000000
0.241943 1.000000
0.242188 1.000000
0.242432 1.000000
0.242676 1.000000
0.242920 1.000000
0.243164 1.000000
0.243408 1.000000
0.243652 1.000000
0.243896 1.000000
0.244141 1.000000
0.244385 1.000000
0.244629 1.000000
0.244873 1.000000
0.245117 1.000000
0.245361 1.000000
0.245605 1.000000
0.245850 1.000000
0.246094 1.000000
0.246338 1.000000
0.246582 1.000000
0.246826 1.000000
0.247070 1.000000
0.247314 1.000000
0.247559 1.000000
0.247803 1.000000
0.248047 1.000000
0.248291 1.000000
0.248535 1.000000
0.248779 1.000000
0.249023 1.000000
0.249268 1.000000
0.249512 1.000000
0.249756 1.000000
0.250000 1.000000
0.250244 1.000000
0.250488 1.000000
0.250732 1.000000
0.250977 1.000000
0.251221 1.000000
0.251465 1.000000
0.251709 1.000000
0.251953 1.000000
0.252197 1.000000
0.252441 1.000000
0.252686 1.000000
0.252930 1.000000
0.253174 1.000000
0.253418 1.000000
0.253662 1.000000
0.253906 1.000000
0.254150 1.000000
0.254395 1.000000
0.254639 1.000000
0.254883 1.000000
0.255127 1.000000
0.255371 1.000000
0.255615 1.000000
0.255859 1.000000
0.256104 1.000000
0.256348 1.000000
0.256592 1.000000
0.256836 1.000000
0.257080 1.000000
0.257324 1.000000
0.257568 1.000000
0.257812 1.000000
0.258057 1.000000
0.258301 1.000000
0.258545 1.000000
0.258789 1.000000
0.259033 1.000000
0.259277 1.000000
0.259521 1.000000
0.259766 1.000000
0.260010 1.000000
0.260254 1.000000
0.260498 1.000000
0.260742 1.000000
0.260986 1.000000
0.261230 1.000000
0.261475 1.000000
0.261719 1.000000
0.261963 1.000000
0.262207 1.000000
0.262451 1.000000
0.262695 1.000000
0.262939 1.000000
0.263184 1.000000
0.263428 1.000000
0.263672 1.000000
0.263916 1.000000
0.264160 1.000000
0.264404 1.000000
0.264648 1.000000
0.264893 1.000000
0.265137 1.000000
0.265381 1.000000
0.265625 1.000000
0.265869 1.000000
0.266113 1.000000
0.266357 1.000000
0.266602 1.000000
0.266846 1.000000
0.267090 1.000000
0.267334 1.000000
0.267578 1.000000
0.267822 1.000000
0.268066 1.000000
0.268311 1.000000
0.268555 1.000000
0.268799 1.000000
0.269043 1.000000
0.269287 1.000000
0.269531 1.000000
0.269775 1.000000
0.270020 1.000000
0.270264 1.000000
0.270508 1.000000
0.270752 1.000000
0.270996 1.000000
0.271240 1.000000
0.271484 1.000000
0.271729 1.000000
0.271973 1.000000
0.272217 1.000000
0.272461 1.000000
0.272705 1.000000
0.272949 1.000000
0.273193 1.000000
0.273438 1.000000
0.273682 1.000000
0.273926 1.000000
0.274170 1.000000
0.274414 1.000000
0.274658 1.000000
0.274902 1.000000
0.275146 1.000000
0.275391 1.000000
0.275635 1.000000
0.275879 1.000000
0.276123 1.000000
0.276367 1.000000
0.276611 1.000000
0.276855 1.000000
0.277100 1.000000
0.277344 1.000000
0.277588 1.000000
0.277832 1.000000
0.278076 1.000000
0.278320 1.000000
0.278564 1.000000
0.278809 1.000000
0.279053 1.000000
0.279297 1.000000
0.279541 1.000000
0.279785 1.000000
0.280029 1.000000
0.280273 1.000000
0.280518 1.000000
0.280762 1.000000
0.281006 1.000000
0.281250 1.000000
0.281494 1.000000
0.281738 1.000000
0.281982 1.000000
0.282227 1.000000
0.282471 1.000000
0.282715 1.000000
0.282959 1.000000
0.283203 1.000000
0.283447 1.000000
0.283691 1.000000
0.283936 1.000000
0.284180 1.000000
0.284424 1.000000
0.284668 1.000000
0.284912 1.000000
0.285156 1.000000
0.285400 1.000000
0.285645 1.000000
0.285889 1.000000
0.286133 1.000000
0.286377 1.000000
0.286621 1.000000
0.286865 1.000000
0.287109 1.000000
0.287354 1.000000
0.287598 1.000000
0.287842 1.000000
0.288086 1.000000
0.288330 1.000000
0.288574 1.000000
0.288818 1.000000
0.289062 1.000000
0.289307 1.000000
0.289551 1.000000
0.289795 1.000000
0.290039 1.000000
0.290283 1.000000
0.290527 1.000000
0.290771 1.000000
0.291016 1.000000
0.291260 1.000000
0.291504 1.000000
0.291748 1.000000
0.291992 1.000000
0.292236 1.000000
0.292480 1.000000
0.292725 1.000000
0.292969 1.000000
0.293213 1.000000
0.293457 1.000000
0.293701 1.000000
0.293945 1.000000
0.294189 1.000000
0.294434 1.000000
0.294678 1.000000
0.294922 1.000000
0.295166 1.000000
0.295410 1.000000
0.295654 1.000000
0.295898 1.000000
0.296143 1.000000
0.296387 1.000000
0.296631 1.000000
0.296875 1.000000
0.297119 1.000000
0.297363 1.000000
0.297607 1.000000
0.297852 1.000000
0.298096 1.000000
0.298340 1.000000
0.298584 1.000000
0.298828 1.000000
0.299072 1.000000
0.299316 1.000000
0.299561 1.000000
0.299805 1.000000
0.300049 1.000000
0.300293 1.000000
0.300537 1.000000
0.300781 1.000000
0.301025 1.000000
0.301270 1.000000
0.301514 1.000000
0.301758 1.000000
0.302002 1.000000
0.302246 1.000000
0.302490 1.000000
0.302734 1.000000
0.302979 1.000000
0.303223 1.000000
0.303467 1.000000
0.303711 1.000000
0.303955 1.000000
0.304199 1.000000
0.304443 1.000000
0.304688 1.000000
0.304932 1.000000
0.305176 1.000000
0.305420 1.000000
0.305664 1.000000
0.305908 1.000000
0.306152 1.000000
0.306396 1.000000
0.306641 1.000000
0.306885 1.000000
0.307129 1.000000
0.307373 1.000000
0.307617 1.000000
0.307861 1.000000
0.308105 1.000000
0.308350 1.000000
0.308594 1.000000
0.308838 1.000000
0.309082 1.000000
0.309326 1.000000
0.309570 1.000000
0.309814 1.000000
0.310059 1.000000
0.310303 1.000000
0.310547 1.000000
0.310791 1.000000
0.311035 1.000000
0.311279 1.000000
0.311523 1.000000
0.311768 1.000000
0.312012 1.000000
0.312256 1.000000
0.312500 1.000000
0.312744 1.000000
0.312988 1.000000
0.313232 1.000000
0.313477 1.000000
0.313721 1.000000
0.313965 1.000000
0.314209 1.000000
0.314453 1.000000
0.314697 1.000000
0.314941 1.000000
0.315186 1.000000
0.315430 1.000000
0.315674 1.000000
0.315918 1.000000
0.316162 1.000000
0.316406 1.000000
0.316650 1.000000
0.316895 1.000000
0.317139 1.000000
0.317383 1.000000
0.317627 1.000000
0.317871 1.000000
0.318115 1.000000
0.318359 1.000000
0.318604 1.000000
0.318848 1.000000
0.319092 1.000000
0.319336 1.000000
0.319580 1.000000
0.319824 1.000000
0.320068 1.000000
0.320312 1.000000
0.320557 1.000000
0.320801 1.000000
0.321045 1.000000
0.321289 1.000000
0.321533 1.000000
0.321777 1.000000
0.322021 1.000000
0.322266 1.000000
0.322510 1.000000
0.322754 1.000000
0.322998 1.000000
0.323242 1.000000
0.323486 1.000000
0.323730 1.000000
0.323975 1.000000
0.324219 1.000000
0.324463 1.000000
0.324707 1.000000
0.324951 1.000000
0.325195 1.000000
0.325439 1.000000
0.325684 1.000000
0.325928 1.000000
0.326172 1.000000
0.326416 1.000000
0.326660 1.000000
0.326904 1.000000
0.327148 1.000000
0.327393 1.000000
0.327637 1.000000
0.327881 1.000000
0.328125 1.000000
0.328369 1.000000
0.328613 1.000000
0.328857 1.000000
0.329102 1.000000
0.329346 1.000000
0.329590 1.000000
0.329834 1.000000
0.330078 1.000000
0.330322 1.000000
0.330566 1.000000
0.330811 1.000000
0.331055 1.000000
0.331299 1.000000
0.331543 1.000000
0.331787 1.000000
0.332031 1.000000
0.332275 1.000000
0.332520 1.000000
0.332764 1.000000
0.333008 1.000000
0.333252 1.000000
0.333496 1.000000
0.333740 1.000000
0.333984 1.000000
0.334229 1.000000
0.334473 1.000000
0.334717 1.000000
0.334961 1.000000
0.335205 1.000000
0.335449 1.000000
0.335693 1.000000
0.335938 1.000000
0.336182 1.000000
0.336426 1.000000
0.336670 1.000000
0.336914 1.000000
0.337158 1.000000
0.337402 1.000000
0.337646 1.000000
0.337891 1.000000
0.338135 1.000000
0.338379 1.000000
0.338623 1.000000
0.338867 1.000000
0.339111 1.000000
0.339355 1.000000
0.339600 1.000000
0.339844 1.000000
0.340088 1.000000
0.340332 1.000000
0.340576 1.000000
0.340820 1.000000
0.341064 1.000000
0.341309 1.000000
0.341553 1.000000
0.341797 1.000000
0.342041 1.000000
0.342285 1.000000
0.342529 1.000000
0.342773 1.000000
0.343018 1.000000
0.343262 1.000000
0.343506 1.000000
0.343750 1.000000
0.343994 1.000000
0.344238 1.000000
0.344482 1.000000
0.344727 1.000000
0.344971 1.000000
0.345215 1.000000
0.345459 1.000000
0.345703 1.000000
0.345947 1.000000
0.346191 1.000000
0.346436 1.000000
0.346680 1.000000
0.346924 1.000000
0.347168 1.000000
0.347412 1.000000
0.347656 1.000000
0.347900 1.000000
0.348145 1.000000
0.348389 1.000000
0.348633 1.000000
0.348877 1.000000
0.349121 1.000000
0.349365 1.000000
0.349609 1.000000
0.349854 1.000000
0.350098 1.000000
0.350342 1.000000
0.350586 1.000000
0.350830 1.000000
0.351074 1.000000
0.351318 1.000000
0.351562 1.000000
0.351807 1.000000
0.352051 1.000000
0.352295 1.000000
0.352539 1.000000
0.352783 1.000000
0.353027 1.000000
0.353271 1.000000
0.353516 1.000000
0.353760 1.000000
0.354004 1.000000
0.354248 1.000000
0.354492 1.000000
0.354736 1.000000
0.354980 1.000000
0.355225 1.000000
0.355469 1.000000
0.355713 1.000000
0.355957 1.000000
0.356201 1.000000
0.356445 1.000000
0.356689 1.000000
0.356934 1.000000
0.357178 1.000000
0.357422 1.000000
0.357666 1.000000
0.357910 1.000000
0.358154 1.000000
0.358398 1.000000
0.358643 1.000000
0.358887 1.000000
0.359131 1.000000
0.359375 1.000000
0.359619 1.000000
0.359863 1.000000
0.360107 1.000000
0.360352 1.000000
0.360596 1.000000
0.360840 1.000000
0.361084 1.000000
0.361328 1.000000
0.361572 1.000000
0.361816 1.000000
0.362061 1.000000
0.362305 1.000000
0.362549 1.000000
0.362793 1.000000
0.363037 1.000000
0.363281 1.000000
0.363525 1.000000
0.363770 1.000000
0.364014 1.000000
0.364258 1.000000
0.364502 1.000000
0.364746 1.000000
0.364990 1.000000
0.365234 1.000000
0.365479 1.000000
0.365723 1.000000
0.365967 1.000000
0.366211 1.000000
0.366455 1.000000
0.366699 1.000000
0.366943 1.000000
0.367188 1.000000
0.367432 1.000000
0.367676 1.000000
0.367920 1.000000
0.368164 1.000000
0.368408 1.000000
0.368652 1.000000
0.368896 1.000000
0.369141 1.000000
0.369385 1.000000
0.369629 1.000000
0.369873 1.000000
0.370117 1.000000
0.370361 1.000000
0.370605 1.000000
0.370850 1.000000
0.371094 1.000000
0.371338 1.000000
0.371582 1.000000
0.371826 1.000000
0.372070 1.000000
0.372314 1.000000
0.372559 1.000000
0.372803 1.000000
0.373047 1.000000
0.373291 1.000000
0.373535 1.000000
0.373779 1.000000
0.374023 1.000000
0.374268 1.000000
0.374512 1.000000
0.374756 1.000000
0.375000 1.000000
0.375244 1.000000
0.375488 1.000000
0.375732 1.000000
0.375977 1.000000
0.376221 1.000000
0.376465 1.000000
0.376709 1.000000
0.376953 1.000000
0.377197 1.000000
0.377441 1.000000
0.377686 1.000000
0.377930 1.000000
0.378174 1.000000
0.378418 1.000000
0.378662 1.000000
0.378906 1.000000
0.379150 1.000000
0.379395 1.000000
0.379639 1.000000
0.379883 1.000000
0.380127 1.000000
0.380371 1.000000
0.380615 1.000000
0.380859 1.000000
0.381104 1.000000
0.381348 1.000000
0.381592 1.000000
0.381836 1.000000
0.382080 1.000000
0.382324 1.000000
0.382568 1.000000
0.382812 1.000000
0.383057 1.000000
0.383301 1.000000
0.383545 1.000000
0.383789 1.000000
0.384033 1.000000
0.384277 1.000000
0.384521 1.000000
0.384766 1.000000
0.385010 1.000000
0.385254 1.000000
0.385498 1.000000
0.385742 1.000000
0.385986 1.000000
0.386230 1.000000
0.386475 1.000000
0.386719 1.000000
0.386963 1.000000
0.387207 1.000000
0.387451 1.000000
0.387695 1.000000
0.387939 1.000000
0.388184 1.000000
0.388428 1.000000
0.388672 1.000000
0.388916 1.000000
0.389160 1.000000
0.389404 1.000000
0.389648 1.000000
0.389893 1.000000
0.390137 1.000000
0.390381 1.000000
0.390625 1.000000
0.390869 1.000000
0.391113 1.000000
0.391357 1.000000
0.391602 1.000000
0.391846 1.000000
0.392090 1.000000
0.392334 1.000000
0.392578 1.000000
0.392822 1.000000
0.393066 1.000000
0.393311 1.000000
0.393555 1.000000
0.393799 1.000000
0.394043 1.000000
0.394287 1.000000
0.394531 1.000000
0.394775 1.000000
0.395020 1.000000
0.395264 1.000000
0.395508 1.000000
0.395752 1.000000
0.395996 1.000000
0.396240 1.000000
0.396484 1.000000
0.396729 1.000000
0.396973 1.000000
0.397217 1.000000
0.397461 1.000000
0.397705 1.000000
0.397949 1.000000
0.398193 1.000000
0.398438 1.000000
0.398682 1.000000
0.398926 1.000000
0.399170 1.000000
0.399414 1.000000
0.399658 1.000000
0.399902 1.000000
0.400146 1.000000
0.400391 1.000000
0.400635 1.000000
0.400879 1.000000
0.401123 1.000000
0.401367 1.000000
0.401611 1.000000
0.401855 1.000000
0.402100 1.000000
0.402344 1.000000
0.402588 1.000000
0.402832 1.000000
0.403076 1.000000
0.403320 1.000000
0.403564 1.000000
0.403809 1.000000
0.404053 1.000000
0.404297 1.000000
0.404541 1.000000
0.404785 1.000000
0.405029 1.000000
0.405273 1.000000
0.405518 1.000000
0.405762 1.000000
0.406006 1.000000
0.406250 1.000000
0.406494 1.000000
0.406738 1.000000
0.406982 1.000000
0.407227 1.000000
0.407471 1.000000
0.407715 1.000000
0.407959 1.000000
0.408203 1.000000
0.408447 1.000000
0.408691 1.000000
0.408936 1.000000
0.409180 1.000000
0.409424 1.000000
0.409668 1.000000
0.409912 1.000000
0.410156 1.000000
0.410400 1.000000
0.410645 1.000000
0.410889 1.000000
0.411133 1.000000
0.411377 1.000000
0.411621 1.000000
0.411865 1.000000
0.412109 1.000000
0.412354 1.000000
0.412598 1.000000
0.412842 1.000000
0.413086 1.000000
0.413330 1.000000
0.413574 1.000000
0.413818 1.000000
0.414062 1.000000
0.414307 1.000000
0.414551 1.000000
0.414795 1.000000
0.415039 1.000000
0.415283 1.000000
0.415527 1.000000
0.415771 1.000000
0.416016 1.000000
0.416260 1.000000
0.416504 1.000000
0.416748 1.000000
0.416992 1.000000
0.417236 1.000000
0.417480 1.000000
0.417725 1.000000
0.417969 1.000000
0.418213 1.000000
0.418457 1.000000
0.418701 1.000000
0.418945 1.000000
0.419189 1.000000
0.419434 1.000000
0.419678 1.000000
0.419922 1.000000
0.420166 1.000000
0.420410 1.000000
0.420654 1.000000
0.420898 1.000000
0.421143 1.000000
0.421387 1.000000
0.421631 1.000000
0.421875 1.000000
0.422119 1.000000
0.422363 1.000000
0.422607 1.000000
0.422852 1.000000
0.423096 1.000000
0.423340 1.000000
0.423584 1.000000
0.423828 1.000000
0.424072 1.000000
0.424316 1.000000
0.424561 1.000000
0.424805 1.000000
0.425049 1.000000
0.425293 1.000000
0.425537 1.000000
0.425781 1.000000
0.426025 1.000000
0.426270 1.000000
0.426514 1.000000
0.426758 1.000000
0.427002 1.000000
0.427246 1.000000
0.427490 1.000000
0.427734 1.000000
0.427979 1.000000
0.428223 1.000000
0.428467 1.000000
0.428711 1.000000
0.428955 1.000000
0.429199 1.000000
0.429443 1.000000
0.429688 1.000000
0.429932 1.000000
0.430176 1.000000
0.430420 1.000000
0.430664 1.000000
0.430908 1.000000
0.431152 1.000000
0.431396 1.000000
0.431641 1.000000
0.431885 1.000000
0.432129 1.000000
0.432373 1.000000
0.432617 1.000000
0.432861 1.000000
0.433105 1.000000
0.433350 1.000000
0.433594 1.000000
0.433838 1.000000
0.434082 1.000000
0.434326 1.000000
0.434570 1.000000
0.434814 1.000000
0.435059 1.000000
0.435303 1.000000
0.435547 1.000000
0.435791 1.000000
0.436035 1.000000
0.436279 1.000000
0.436523 1.000000
0.436768 1.000000
0.437012 1.000000
0.437256 1.000000
0.437500 1.000000
0.437744 1.000000
0.437988 1.000000
0.438232 1.000000
0.438477 1.000000
0.438721 1.000000
0.438965 1.000000
0.439209 1.000000
0.439453 1.000000
0.439697 1.000000
0.439941 1.000000
0.440186 1.000000
0.440430 1.000000
0.440674 1.000000
0.440918 1.000000
0.441162 1.000000
0.441406 1.000000
0.441650 1.000000
0.441895 1.000000
0.442139 1.000000
0.442383 1.000000
0.442627 1.000000
0.442871 1.000000
0.443115 1.000000
0.443359 1.000000
0.443604 1.000000
0.443848 1.000000
0.444092 1.000000
0.444336 1.000000
0.444580 1.000000
0.444824 1.000000
0.445068 1.000000
0.445312 1.000000
0.445557 1.000000
0.445801 1.000000
0.446045 1.000000
0.446289 1.000000
0.446533 1.000000
0.446777 1.000000
0.447021 1.000000
0.447266 1.000000
0.447510 1.000000
0.447754 1.000000
0.447998 1.000000
0.448242 1.000000
0.448486 1.000000
0.448730 1.000000
0.448975 1.000000
0.449219 1.000000
0.449463 1.000000
0.449707 1.000000
0.449951 1.000000
0.450195 1.000000
0.450439 1.000000
0.450684 1.000000
0.450928 1.000000
0.451172 1.000000
0.451416 1.000000
0.451660 1.000000
0.451904 1.000000
0.452148 1.000000
0.452393 1.000000
0.452637 1.000000
0.452881 1.000000
0.453125 1.000000
0.453369 1.000000
0.453613 1.000000
0.453857 1.000000
0.454102 1.000000
0.454346 1.000000
0.454590 1.000000
0.454834 1.000000
0.455078 1.000000
0.455322 1.000000
0.455566 1.000000
0.455811 1.000000
0.456055 1.000000
0.456299 1.000000
0.456543 1.000000
0.456787 1.000000
0.457031 1.000000
0.457275 1.000000
0.457520 1.000000
0.457764 1.000000
0.458008 1.000000
0.458252 1.000000
0.458496 1.000000
0.458740 1.000000
0.458984 1.000000
0.459229 1.000000
0.459473 1.000000
0.459717 1.000000
0.459961 1.000000
0.460205 1.000000
0.460449 1.000000
0.460693 1.000000
0.460938 1.000000
0.461182 1.000000
0.461426 1.000000
0.461670 1.000000
0.461914 1.000000
0.462158 1.000000
0.462402 1.000000
0.462646 1.000000
0.462891 1.000000
0.463135 1.000000
0.463379 1.000000
0.463623 1.000000
0.463867 1.000000
0.464111 1.000000
0.464355 1.000000
0.464600 1.000000
0.464844 1.000000
0.465088 1.000000
0.465332 1.000000
0.465576 1.000000
0.465820 1.000000
0.466064 1.000000
0.466309 1.000000
0.466553 1.000000
0.466797 1.000000
0.467041 1.000000
0.467285 1.000000
0.467529 1.000000
0.467773 1.000000
0.468018 1.000000
0.468262 1.000000
0.468506 1.000000
0.468750 1.000000
0.468994 1.000000
0.469238 1.000000
0.469482 1.000000
0.469727 1.000000
0.469971 1.000000
0.470215 1.000000
0.470459 1.000000
0.470703 1.000000
0.470947 1.000000
0.471191 1.000000
0.471436 1.000000
0.471680 1.000000
0.471924 1.000000
0.472168 1.000000
0.472412 1.000000
0.472656 1.000000
0.472900 1.000000
0.473145 1.000000
0.473389 1.000000
0.473633 1.000000
0.473877 1.000000
0.474121 1.000000
0.474365 1.000000
0.474609 1.000000
0.474854 1.000000
0.475098 1.000000
0.475342 1.000000
0.475586 1.000000
0.475830 1.000000
0.476074 1.000000
0.476318 1.000000
0.476562 1.000000
0.476807 1.000000
0.477051 1.000000
0.477295 1.000000
0.477539 1.000000
0.477783 1.000000
0.478027 1.000000
0.478271 1.000000
0.478516 1.000000
0.478760 1.000000
0.479004 1.000000
0.479248 1.000000
0.479492 1.000000
0.479736 1.000000
0.479980 1.000000
0.480225 1.000000
0.480469 1.000000
0.480713 1.000000
0.480957 1.000000
0.481201 1.000000
0.481445 1.000000
0.481689 1.000000
0.481934 1.000000
0.482178 1.000000
0.482422 1.000000
0.482666 1.000000
0.482910 1.000000
0.483154 1.000000
0.483398 1.000000
0.483643 1.000000
0.483887 1.000000
0.484131 1.000000
0.484375 1.000000
0.484619 1.000000
0.484863 1.000000
0.485107 1.000000
0.485352 1.000000
0.485596 1.000000
0.485840 1.000000
0.486084 1.000000
0.486328 1.000000
0.486572 1.000000
0.486816 1.000000
0.487061 1.000000
0.487305 1.000000
0.487549 1.000000
0.487793 1.000000
0.488037 1.000000
0.488281 1.000000
0.488525 1.000000
0.488770 1.000000
0.489014 1.000000
0.489258 1.000000
0.489502 1.000000
0.489746 1.000000
0.489990 1.000000
0.490234 1.000000
0.490479 1.000000
0.490723 1.000000
0.490967 1.000000
0.491211 1.000000
0.491455 1.000000
0.491699 1.000000
0.491943 1.000000
0.492188 1.000000
0.492432 1.000000
0.492676 1.000000
0.492920 1.000000
0.493164 1.000000
0.493408 1.000000
0.493652 1.000000
0.493896 1.000000
0.494141 1.000000
0.494385 1.000000
0.494629 1.000000
0.494873 1.000000
0.495117 1.000000
0.495361 1.000000
0.495605 1.000000
0.495850 1.000000
0.496094 1.000000
0.496338 1.000000
0.496582 1.000000
0.496826 1.000000
0.497070 1.000000
0.497314 1.000000
0.497559 1.000000
0.497803 1.000000
0.498047 1.000000
0.498291 1.000000
0.498535 1.000000
0.498779 1.000000
0.499023 1.000000
0.499268 1.000000
0.499512 1.000000
0.499756 1.000000
0.500000 1.000000
0.500244 1.000000
0.500488 1.000000
0.500732 1.000000
0.500977 1.000000
0.501221 1.000000
0.501465 1.000000
0.501709 1.000000
0.501953 1.000000
0.502197 1.000000
0.502441 1.000000
0.502686 1.000000
0.502930 1.000000
0.503174 1.000000
0.503418 1.000000
0.503662 1.000000
0.503906 1.000000
0.504150 1.000000
0.504395 1.000000
0.504639 1.000000
0.504883 1.000000
0.505127 1.000000
0.505371 1.000000
0.505615 1.000000
0.505859 1.000000
0.506104 1.000000
0.506348 1.000000
0.506592 1.000000
0.506836 1.000000
0.507080 1.000000
0.507324 1.000000
0.507568 1.000000
0.507812 1.000000
0.508057 1.000000
0.508301 1.000000
0.508545 1.000000
0.508789 1.000000
0.509033 1.000000
0.509277 1.000000
0.509521 1.000000
0.509766 1.000000
0.510010 1.000000
0.510254 1.000000
0.510498 1.000000
0.510742 1.000000
0.510986 1.000000
0.511230 1.000000
0.511475 1.000000
0.511719 1.000000
0.511963 1.000000
0.512207 1.000000
0.512451 1.000000
0.512695 1.000000
0.512939 1.000000
0.513184 1.000000
0.513428 1.000000
0.513672 1.000000
0.513916 1.000000
0.514160 1.000000
0.514404 1.000000
0.514648 1.000000
0.514893 1.000000
0.515137 1.000000
0.515381 1.000000
0.515625 1.000000
0.515869 1.000000
0.516113 1.000000
0.516357 1.000000
0.516602 1.000000
0.516846 1.000000
0.517090 1.000000
0.517334 1.000000
0.517578 1.000000
0.517822 1.000000
0.518066 1.000000
0.518311 1.000000
0.518555 1.000000
0.518799 1.000000
0.519043 1.000000
0.519287 1.000000
0.519531 1.000000
0.519775 1.000000
0.520020 1.000000
0.520264 1.000000
0.520508 1.000000
0.520752 1.000000
0.520996 1.000000
0.521240 1.000000
0.521484 1.000000
0.521729 1.000000
0.521973 1.000000
0.522217 1.000000
0.522461 1.000000
0.522705 1.000000
0.522949 1.000000
0.523193 1.000000
0.523438 1.000000
0.523682 1.000000
0.523926 1.000000
0.524170 1.000000
0.524414 1.000000
0.524658 1.000000
0.524902 1.000000
0.525146 1.000000
0.525391 1.000000
0.525635 1.000000
0.525879 1.000000
0.526123 1.000000
0.526367 1.000000
0.526611 1.000000
0.526855 1.000000
0.527100 1.000000
0.527344 1.000000
0.527588 1.000000
0.527832 1.000000
0.528076 1.000000
0.528320 1.000000
0.528564 1.000000
0.528809 1.000000
0.529053 1.000000
0.529297 1.000000
0.529541 1.000000
0.529785 1.000000
0.530029 1.000000
0.530273 1.000000
0.530518 1.000000
0.530762 1.000000
0.531006 1.000000
0.531250 1.000000
0.531494 1.000000
0.531738 1.000000
0.531982 1.000000
0.532227 1.000000
0.532471 1.000000
0.532715 1.000000
0.532959 1.000000
0.533203 1.000000
0.533447 1.000000
0.533691 1.000000
0.533936 1.000000
0.534180 1.000000
0.534424 1.000000
0.534668 1.000000
0.534912 1.000000
0.535156 1.000000
0.535400 1.000000
0.535645 1.000000
0.535889 1.000000
0.536133 1.000000
0.536377 1.000000
0.536621 1.000000
0.536865 1.000000
0.537109 1.000000
0.537354 1.000000
0.537598 1.000000
0.537842 1.000000
0.538086 1.000000
0.538330 1.000000
0.538574 1.000000
0.538818 1.000000
0.539062 1.000000
0.539307 1.000000
0.539551 1.000000
0.539795 1.000000
0.540039 1.000000
0.540283 1.000000
0.540527 1.000000
0.540771 1.000000
0.541016 1.000000
0.541260 1.000000
0.541504 1.000000
0.541748 1.000000
0.541992 1.000000
0.542236 1.000000
0.542480 1.000000
0.542725 1.000000
0.542969 1.000000
0.543213 1.000000
0.543457 1.000000
0.543701 1.000000
0.543945 1.000000
0.544189 1.000000
0.544434 1.000000
0.544678 1.000000
0.544922 1.000000
0.545166 1.000000
0.545410 1.000000
0.545654 1.000000
0.545898 1.000000
0.546143 1.000000
0.546387 1.000000
0.546631 1.000000
0.546875 1.000000
0.547119 1.000000
0.547363 1.000000
0.547607 1.000000
0.547852 1.000000
0.548096 1.000000
0.548340 1.000000
0.548584 1.000000
0.548828 1.000000
0.549072 1.000000
0.549316 1.000000
0.549561 1.000000
0.549805 1.000000
0.550049 1.000000
0.550293 1.000000
0.550537 1.000000
0.550781 1.000000
0.551025 1.000000
0.551270 1.000000
0.551514 1.000000
0.551758 1.000000
0.552002 1.000000
0.552246 1.000000
0.552490 1.000000
0.552734 1.000000
0.552979 1.000000
0.553223 1.000000
0.553467 1.000000
0.553711 1.000000
0.553955 1.000000
0.554199 1.000000
0.554443 1.000000
0.554688 1.000000
0.554932 1.000000
0.555176 1.000000
0.555420 1.000000
0.555664 1.000000
0.555908 1.000000
0.556152 1.000000
0.556396 1.000000
0.556641 1.000000
0.556885 1.000000
0.557129 1.000000
0.557373 1.000000
0.557617 1.000000
0.557861 1.000000
0.558105 1.000000
0.558350 1.000000
0.558594 1.000000
0.558838 1.000000
0.559082 1.000000
0.559326 1.000000
0.559570 1.000000
0.559814 1.000000
0.560059 1.000000
0.560303 1.000000
0.560547 1.000000
0.560791 1.000000
0.561035 1.000000
0.561279 1.000000
0.561523 1.000000
0.561768 1.000000
0.562012 1.000000
0.562256 1.000000
0.562500 1.000000
0.562744 1.000000
0.562988 1.000000
0.563232 1.000000
0.563477 1.000000
0.563721 1.000000
0.563965 1.000000
0.564209 1.000000
0.564453 1.000000
0.564697 1.000000
0.564941 1.000000
0.565186 1.000000
0.565430 1.000000
0.565674 1.000000
0.565918 1.000000
0.566162 1.000000
0.566406 1.000000
0.566650 1.000000
0.566895 1.000000
0.567139 1.000000
0.567383 1.000000
0.567627 1.000000
0.567871 1.000000
0.568115 1.000000
0.568359 1.000000
0.568604 1.000000
0.568848 1.000000
0.569092 1.000000
0.569336 1.000000
0.569580 1.000000
0.569824 1.000000
0.570068 1.000000
0.570312 1.000000
0.570557 1.000000
0.570801 1.000000
0.571045 1.000000
0.571289 1.000000
0.571533 1.000000
0.571777 1.000000
0.572021 1.000000
0.572266 1.000000
0.572510 1.000000
0.572754 1.000000
0.572998 1.000000
0.573242 1.000000
0.573486 1.000000
0.573730 1.000000
0.573975 1.000000
0.574219 1.000000
0.574463 1.000000
0.574707 1.000000
0.574951 1.000000
0.575195 1.000000
0.575439 1.000000
0.575684 1.000000
0.575928 1.000000
0.576172 1.000000
0.576416 1.000000
0.576660 1.000000
0.576904 1.000000
0.577148 1.000000
0.577393 1.000000
0.577637 1.000000
0.577881 1.000000
0.578125 1.000000
0.578369 1.000000
0.578613 1.000000
0.578857 1.000000
0.579102 1.000000
0.579346 1.000000
0.579590 1.000000
0.579834 1.000000
0.580078 1.000000
0.580322 1.000000
0.580566 1.000000
0.580811 1.000000
0.581055 1.000000
0.581299 1.000000
0.581543 1.000000
0.581787 1.000000
0.582031 1.000000
0.582275 1.000000
0.582520 1.000000
0.582764 1.000000
0.583008 1.000000
0.583252 1.000000
0.583496 1.000000
0.583740 1.000000
0.583984 1.000000
0.584229 1.000000
0.584473 1.000000
0.584717 1.000000
0.584961 1.000000
0.585205 1.000000
0.585449 1.000000
0.585693 1.000000
0.585938 1.000000
0.586182 1.000000
0.586426 1.000000
0.586670 1.000000
0.586914 1.000000
0.587158 1.000000
0.587402 1.000000
0.587646 1.000000
0.587891 1.000000
0.588135 1.000000
0.588379 1.000000
0.588623 1.000000
0.588867 1.000000
0.589111 1.000000
0.589355 1.000000
0.589600 1.000000
0.589844 1.000000
0.590088 1.000000
0.590332 1.000000
0.590576 1.000000
0.590820 1.000000
0.591064 1.000000
0.591309 1.000000
0.591553 1.000000
0.591797 1.000000
0.592041 1.000000
0.592285 1.000000
0.592529 1.000000
0.592773 1.000000
0.593018 1.000000
0.593262 1.000000
0.593506 1.000000
0.593750 1.000000
0.593994 1.000000
0.594238 1.000000
0.594482 1.000000
0.594727 1.000000
0.594971 1.000000
0.595215 1.000000
0.595459 1.000000
0.595703 1.000000
0.595947 1.000000
0.596191 1.000000
0.596436 1.000000
0.596680 1.000000
0.596924 1.000000
0.597168 1.000000
0.597412 1.000000
0.597656 1.000000
0.597900 1.000000
0.598145 1.000000
0.598389 1.000000
0.598633 1.000000
0.598877 1.000000
0.599121 1.000000
0.599365 1.000000
0.599609 1.000000
0.599854 1.000000
0.600098 1.000000
0.600342 1.000000
0.600586 1.000000
0.600830 1.000000
0.601074 1.000000
0.601318 1.000000
0.601562 1.000000
0.601807 1.000000
0.602051 1.000000
0.602295 1.000000
0.602539 1.000000
0.602783 1.000000
0.603027 1.000000
0.603271 1.000000
0.603516 1.000000
0.603760 1.000000
0.604004 1.000000
0.604248 1.000000
0.604492 1.000000
0.604736 1.000000
0.604980 1.000000
0.605225 1.000000
0.605469 1.000000
0.605713 1.000000
0.605957 1.000000
0.606201 1.000000
0.606445 1.000000
0.606689 1.000000
0.606934 1.000000
0.607178 1.000000
0.607422 1.000000
0.607666 1.000000
0.607910 1.000000
0.608154 1.000000
0.608398 1.000000
0.608643 1.000000
0.608887 1.000000
0.609131 1.000000
0.609375 1.000000
0.609619 1.000000
0.609863 0.998333
0.610107 1.000000
0.610352 0.997500
0.610596 0.999167
0.610840 0.995833
0.611084 0.990833
0.611328 0.980000
0.611572 0.952500
0.611816 0.933333
0.612061 0.892500
0.612305 0.761667
0.612549 0.617500
0.612793 0.405000
0.613037 0.230000
0.613281 0.125000
0.613525 0.056667
0.613770 0.025000
0.614014 0.013333
0.614258 0.010000
0.614502 0.010000
0.614746 0.001667
0.614990 0.001667
0.615234 0.001667
0.615479 0.000000
0.615723 0.000000
0.615967 0.000833
0.616211 0.000000
0.616455 0.000000
0.616699 0.000000
0.616943 0.000000
0.617188 0.000000
0.617432 0.000000
0.617676 0.000000
0.617920 0.000000
0.618164 0.000000
0.618408 0.000000
0.618652 0.000000
0.618896 0.000000
0.619141 0.000000
0.619385 0.000000
0.619629 0.000000
0.619873 0.000000
0.620117 0.000000
0.620361 0.000000
0.620605 0.000000
0.620850 0.000000
0.621094 0.000000
0.621338 0.000000
0.621582 0.000000
0.621826 0.000000
0.622070 0.000000
0.622314 0.000000
0.622559 0.000000
0.622803 0.000000
0.623047 0.000000
0.623291 0.000000
0.623535 0.000000
0.623779 0.000000
0.624023 0.000000
0.624268 0.000000
0.624512 0.000000
0.624756 0.000000
0.625000 0.000000
0.625244 0.000000
0.625488 0.000000
0.625732 0.000000
0.625977 0.000000
0.626221 0.000000
0.626465 0.000000
0.626709 0.000000
0.626953 0.000000
0.627197 0.000000
0.627441 0.000000
0.627686 0.000000
0.627930 0.000000
0.628174 0.000000
0.628418 0.000000
0.628662 0.000000
0.628906 0.000000
0.629150 0.000000
0.629395 0.000000
0.629639 0.000000
0.629883 0.000000
0.630127 0.000000
0.630371 0.000000
0.630615 0.000000
0.630859 0.000000
0.631104 0.000000
0.631348 0.000000
0.631592 0.000000
0.631836 0.000000
0.632080 0.000000
0.632324 0.000000
0.632568 0.000000
0.632812 0.000000
0.633057 0.000000
0.633301 0.000000
0.633545 0.000000
0.633789 0.000000
0.634033 0.000000
0.634277 0.000000
0.634521 0.000000
0.634766 0.000000
0.635010 0.000000
0.635254 0.000000
0.635498 0.000000
0.635742 0.000000
0.635986 0.000000
0.636230 0.000000
0.636475 0.000000
0.636719 0.000000
0.636963 0.000000
0.637207 0.000000
0.637451 0.000000
0.637695 0.000000
0.637939 0.000000
0.638184 0.000000
0.638428 0.000000
0.638672 0.000000
0.638916 0.000000
0.639160 0.000000
0.639404 0.000000
0.639648 0.000000
0.639893 0.000000
0.640137 0.000000
0.640381 0.000000
0.640625 0.000000
0.640869 0.000000
0.641113 0.000000
0.641357 0.000000
0.641602 0.000000
0.641846 0.000000
0.642090 0.000000
0.642334 0.000000
0.642578 0.000000
0.642822 0.000000
0.643066 0.000000
0.643311 0.000000
0.643555 0.000000
0.643799 0.000000
0.644043 0.000000
0.644287 0.000000
0.644531 0.000000
0.644775 0.000000
0.645020 0.000000
0.645264 0.000000
0.645508 0.000000
0.645752 0.000000
0.645996 0.000000
0.646240 0.000000
0.646484 0.000000
0.646729 0.000000
0.646973 0.000000
0.647217 0.000000
0.647461 0.000000
0.647705 0.000000
0.647949 0.000000
0.648193 0.000000
0.648438 0.000000
0.648682 0.000000
0.648926 0.000000
0.649170 0.000000
0.649414 0.000000
0.649658 0.000000
0.649902 0.000000
0.650146 0.000000
0.650391 0.000000
0.650635 0.000000
0.650879 0.000000
0.651123 0.000000
0.651367 0.000000
0.651611 0.000000
0.651855 0.000000
0.652100 0.000000
0.652344 0.000000
0.652588 0.000000
0.652832 0.000000
0.653076 0.000000
0.653320 0.000000
0.653564 0.000000
0.653809 0.000000
0.654053 0.000000
0.654297 0.000000
0.654541 0.000000
0.654785 0.000000
0.655029 0.000000
0.655273 0.000000
0.655518 0.000000
0.655762 0.000000
0.656006 0.000000
0.656250 0.000000
0.656494 0.000000
0.656738 0.000000
0.656982 0.000000
0.657227 0.000000
0.657471 0.000000
0.657715 0.000000
0.657959 0.000000
0.658203 0.000000
0.658447 0.000000
0.658691 0.000000
0.658936 0.000000
0.659180 0.000000
0.659424 0.000000
0.659668 0.000000
0.659912 0.000000
0.660156 0.000000
0.660400 0.000000
0.660645 0.000000
0.660889 0.000000
0.661133 0.000000
0.661377 0.000000
0.661621 0.000000
0.661865 0.000000
0.662109 0.000000
0.662354 0.000000
0.662598 0.000000
0.662842 0.000000
0.663086 0.000000
0.663330 0.000000
0.663574 0.000000
0.663818 0.000000
0.664062 0.000000
0.664307 0.000000
0.664551 0.000000
0.664795 0.000000
0.665039 0.000000
0.665283 0.000000
0.665527 0.000000
0.665771 0.000000
0.666016 0.000000
0.666260 0.000000
0.666504 0.000000
0.666748 0.000000
0.666992 0.000000
0.667236 0.000000
0.667480 0.000000
0.667725 0.000000
0.667969 0.000000
0.668213 0.000000
0.668457 0.000000
0.668701 0.000000
0.668945 0.000000
0.669189 0.000000
0.669434 0.000000
0.669678 0.000000
0.669922 0.000000
0.670166 0.000000
0.670410 0.000000
0.670654 0.000000
0.670898 0.000000
0.671143 0.000000
0.671387 0.000000
0.671631 0.000000
0.671875 0.000000
0.672119 0.000000
0.672363 0.000000
0.672607 0.000000
0.672852 0.000000
0.673096 0.000000
0.673340 0.000000
0.673584 0.000000
0.673828 0.000000
0.674072 0.000000
0.674316 0.000000
0.674561 0.000000
0.674805 0.000000
0.675049 0.000000
0.675293 0.000000
0.675537 0.000000
0.675781 0.000000
0.676025 0.000000
0.676270 0.000000
0.676514 0.000000
0.676758 0.000000
0.677002 0.000000
0.677246 0.000000
0.677490 0.000000
0.677734 0.000000
0.677979 0.000000
0.678223 0.000000
0.678467 0.000000
0.678711 0.000000
0.678955 0.000000
0.679199 0.000000
0.679443 0.000000
0.679688 0.000000
0.679932 0.000000
0.680176 0.000000
0.680420 0.000000
0.680664 0.000000
0.680908 0.000000
0.681152 0.000000
0.681396 0.000000
0.681641 0.000000
0.681885 0.000000
0.682129 0.000000
0.682373 0.000000
0.682617 0.000000
0.682861 0.000000
0.683105 0.000000
0.683350 0.000000
0.683594 0.000000
0.683838 0.000000
0.684082 0.000000
0.684326 0.000000
0.684570 0.000000
0.684814 0.000000
0.685059 0.000000
0.685303 0.000000
0.685547 0.000000
0.685791 0.000000
0.686035 0.000000
0.686279 0.000000
0.686523 0.000000
0.686768 0.000000
0.687012 0.000000
0.687256 0.000000
0.687500 0.000000
0.687744 0.000000
0.687988 0.000000
0.688232 0.000000
0.688477 0.000000
0.688721 0.000000
0.688965 0.000000
0.689209 0.000000
0.689453 0.000000
0.689697 0.000000
0.689941 0.000000
0.690186 0.000000
0.690430 0.000000
0.690674 0.000000
0.690918 0.000000
0.691162 0.000000
0.691406 0.000000
0.691650 0.000000
0.691895 0.000000
0.692139 0.000000
0.692383 0.000000
0.692627 0.000000
0.692871 0.000000
0.693115 0.000000
0.693359 0.000000
0.693604 0.000000
0.693848 0.000000
0.694092 0.000000
0.694336 0.000000
0.694580 0.000000
0.694824 0.000000
0.695068 0.000000
0.695312 0.000000
0.695557 0.000000
0.695801 0.000000
0.696045 0.000000
0.696289 0.000000
0.696533 0.000000
0.696777 0.000000
0.697021 0.000000
0.697266 0.000000
0.697510 0.000000
0.697754 0.000000
0.697998 0.000000
0.698242 0.000000
0.698486 0.000000
0.698730 0.000000
0.698975 0.000000
0.699219 0.000000
0.699463 0.000000
0.699707 0.000000
0.699951 0.000000
0.700195 0.000000
0.700439 0.000000
0.700684 0.000000
0.700928 0.000000
0.701172 0.000000
0.701416 0.000000
0.701660 0.000000
0.701904 0.000000
0.702148 0.000000
0.702393 0.000000
0.702637 0.000000
0.702881 0.000000
0.703125 0.000000
0.703369 0.000000
0.703613 0.000000
0.703857 0.000000
0.704102 0.000000
0.704346 0.000000
0.704590 0.000000
0.704834 0.000000
0.705078 0.000000
0.705322 0.000000
0.705566 0.000000
0.705811 0.000000
0.706055 0.000000
0.706299 0.000000
0.706543 0.000000
0.706787 0.000000
0.707031 0.000000
0.707275 0.000000
0.707520 0.000000
0.707764 0.000000
0.708008 0.000000
0.708252 0.000000
0.708496 0.000000
0.708740 0.000000
0.708984 0.000000
0.709229 0.000000
0.709473 0.000000
0.709717 0.000000
0.709961 0.000000
0.710205 0.000000
0.710449 0.000000
0.710693 0.000000
0.710938 0.000000
0.711182 0.000000
0.711426 0.000000
0.711670 0.000000
0.711914 0.000000
0.712158 0.000000
0.712402 0.000000
0.712646 0.000000
0.712891 0.000000
0.713135 0.000000
0.713379 0.000000
0.713623 0.000000
0.713867 0.000000
0.714111 0.000000
0.714355 0.000000
0.714600 0.000000
0.714844 0.000000
0.715088 0.000000
0.715332 0.000000
0.715576 0.000000
0.715820 0.000000
0.716064 0.000000
0.716309 0.000000
0.716553 0.000000
0.716797 0.000000
0.717041 0.000000
0.717285 0.000000
0.717529 0.000000
0.717773 0.000000
0.718018 0.000000
0.718262 0.000000
0.718506 0.000000
0.718750 0.000000
0.718994 0.000000
0.719238 0.000000
0.719482 0.000000
0.719727 0.000000
0.719971 0.000000
0.720215 0.000000
0.720459 0.000000
0.720703 0.000000
0.720947 0.000000
0.721191 0.000000
0.721436 0.000000
0.721680 0.000000
0.721924 0.000000
0.722168 0.000000
0.722412 0.000000
0.722656 0.000000
0.722900 0.000000
0.723145 0.000000
0.723389 0.000000
0.723633 0.000000
0.723877 0.000000
0.724121 0.000000
0.724365 0.000000
0.724609 0.000000
0.724854 0.000000
0.725098 0.000000
0.725342 0.000000
0.725586 0.000000
0.725830 0.000000
0.726074 0.000000
0.726318 0.000000
0.726562 0.000000
0.726807 0.000000
0.727051 0.000000
0.727295 0.000000
0.727539 0.000000
0.727783 0.000000
0.728027 0.000000
0.728271 0.000000
0.728516 0.000000
0.728760 0.000000
0.729004 0.000000
0.729248 0.000000
0.729492 0.000000
0.729736 0.000000
0.729980 0.000000
0.730225 0.000000
0.730469 0.000000
0.730713 0.000000
0.730957 0.000000
0.731201 0.000000
0.731445 0.000000
0.731689 0.000000
0.731934 0.000000
0.732178 0.000000
0.732422 0.000000
0.732666 0.000000
0.732910 0.000000
0.733154 0.000000
0.733398 0.000000
0.733643 0.000000
0.733887 0.000000
0.734131 0.000000
0.734375 0.000000
0.734619 0.000000
0.734863 0.000000
0.735107 0.000000
0.735352 0.000000
0.735596 0.000000
0.735840 0.000000
0.736084 0.000000
0.736328 0.000000
0.736572 0.000000
0.736816 0.000000
0.737061 0.000000
0.737305 0.000000
0.737549 0.000000
0.737793 0.000000
0.738037 0.000000
0.738281 0.000000
0.738525 0.000000
0.738770 0.000000
0.739014 0.000000
0.739258 0.000000
0.739502 0.000000
0.739746 0.000000
0.739990 0.000000
0.740234 0.000000
0.740479 0.000000
0.740723 0.000000
0.740967 0.000000
0.741211 0.000000
0.741455 0.000000
0.741699 0.000000
0.741943 0.000000
0.742188 0.000000
0.742432 0.000000
0.742676 0.000000
0.742920 0.000000
0.743164 0.000000
0.743408 0.000000
0.743652 0.000000
0.743896 0.000000
0.744141 0.000000
0.744385 0.000000
0.744629 0.000000
0.744873 0.000000
0.745117 0.000000
0.745361 0.000000
0.745605 0.000000
0.745850 0.000000
0.746094 0.000000
0.746338 0.000000
0.746582 0.000000
0.746826 0.000000
0.747070 0.000000
0.747314 0.000000
0.747559 0.000000
0.747803 0.000000
0.748047 0.000000
0.748291 0.000000
0.748535 0.000000
0.748779 0.000000
0.749023 0.000000
0.749268 0.000000
0.749512 0.000000
0.749756 0.000000
0.750000 0.000000
0.750244 0.000000
0.750488 0.000000
0.750732 0.000000
0.750977 0.000000
0.751221 0.000000
0.751465 0.000000
0.751709 0.000000
0.751953 0.000000
0.752197 0.000000
0.752441 0.000000
0.752686 0.000000
0.752930 0.000000
0.753174 0.000000
0.753418 0.000000
0.753662 0.000000
0.753906 0.000000
0.754150 0.000000
0.754395 0.000000
0.754639 0.000000
0.754883 0.000000
0.755127 0.000000
0.755371 0.000000
0.755615 0.000000
0.755859 0.000000
0.756104 0.000000
0.756348 0.000000
0.756592 0.000000
0.756836 0.000000
0.757080 0.000000
0.757324 0.000000
0.757568 0.000000
0.757812 0.000000
0.758057 0.000000
0.758301 0.000000
0.758545 0.000000
0.758789 0.000000
0.759033 0.000000
0.759277 0.000000
0.759521 0.000000
0.759766 0.000000
0.760010 0.000000
0.760254 0.000000
0.760498 0.000000
0.760742 0.000000
0.760986 0.000000
0.761230 0.000000
0.761475 0.000000
0.761719 0.000000
0.761963 0.000000
0.762207 0.000000
0.762451 0.000000
0.762695 0.000000
0.762939 0.000000
0.763184 0.000000
0.763428 0.000000
0.763672 0.000000
0.763916 0.000000
0.764160 0.000000
0.764404 0.000000
0.764648 0.000000
0.764893 0.000000
0.765137 0.000000
0.765381 0.000000
0.765625 0.000000
0.765869 0.000000
0.766113 0.000000
0.766357 0.000000
0.766602 0.000000
0.766846 0.000000
0.767090 0.000000
0.767334 0.000000
0.767578 0.000000
0.767822 0.000000
0.768066 0.000000
0.768311 0.000000
0.768555 0.000000
0.768799 0.000000
0.769043 0.000000
0.769287 0.000000
0.769531 0.000000
0.769775 0.000000
0.770020 0.000000
0.770264 0.000000
0.770508 0.000000
0.770752 0.000000
0.770996 0.000000
0.771240 0.000000
0.771484 0.000000
0.771729 0.000000
0.771973 0.000000
0.772217 0.000000
0.772461 0.000000
0.772705 0.000000
0.772949 0.000000
0.773193 0.000000
0.773438 0.000000
0.773682 0.000000
0.773926 0.000000
0.774170 0.000000
0.774414 0.000000
0.774658 0.000000
0.774902 0.000000
0.775146 0.000000
0.775391 0.000000
0.775635 0.000000
0.775879 0.000000
0.776123 0.000000
0.776367 0.000000
0.776611 0.000000
0.776855 0.000000
0.777100 0.000000
0.777344 0.000000
0.777588 0.000000
0.777832 0.000000
0.778076 0.000000
0.778320 0.000000
0.778564 0.000000
0.778809 0.000000
0.779053 0.000000
0.779297 0.000000
0.779541 0.000000
0.779785 0.000000
0.780029 0.000000
0.780273 0.000000
0.780518 0.000000
0.780762 0.000000
0.781006 0.000000
0.781250 0.000000
0.781494 0.000000
0.781738 0.000000
0.781982 0.000000
0.782227 0.000000
0.782471 0.000000
0.782715 0.000000
0.782959 0.000000
0.783203 0.000000
0.783447 0.000000
0.783691 0.000000
0.783936 0.000000
0.784180 0.000000
0.784424 0.000000
0.784668 0.000000
0.784912 0.000000
0.785156 0.000000
0.785400 0.000000
0.785645 0.000000
0.785889 0.000000
0.786133 0.000000
0.786377 0.000000
0.786621 0.000000
0.786865 0.000000
0.787109 0.000000
0.787354 0.000000
0.787598 0.000000
0.787842 0.000000
0.788086 0.000000
0.788330 0.000000
0.788574 0.000000
0.788818 0.000000
0.789062 0.000000
0.789307 0.000000
0.789551 0.000000
0.789795 0.000000
0.790039 0.000000
0.790283 0.000000
0.790527 0.000000
0.790771 0.000000
0.791016 0.000000
0.791260 0.000000
0.791504 0.000000
0.791748 0.000000
0.791992 0.000000
0.792236 0.000000
0.792480 0.000000
0.792725 0.000000
0.792969 0.000000
0.793213 0.000000
0.793457 0.000000
0.793701 0.000000
0.793945 0.000000
0.794189 0.000000
0.794434 0.000000
0.794678 0.000000
0.794922 0.000000
0.795166 0.000000
0.795410 0.000000
0.795654 0.000000
0.795898 0.000000
0.796143 0.000000
0.796387 0.000000
0.796631 0.000000
0.796875 0.000000
0.797119 0.000000
0.797363 0.000000
0.797607 0.000000
0.797852 0.000000
0.798096 0.000000
0.798340 0.000000
0.798584 0.000000
0.798828 0.000000
0.799072 0.000000
0.799316 0.000000
0.799561 0.000000
0.799805 0.000000
0.800049 0.000000
0.800293 0.000000
0.800537 0.000000
0.800781 0.000000
0.801025 0.000000
0.801270 0.000000
0.801514 0.000000
0.801758 0.000000
0.802002 0.000000
0.802246 0.000000
0.802490 0.000000
0.802734 0.000000
0.802979 0.000000
0.803223 0.000000
0.803467 0.000000
0.803711 0.000000
0.803955 0.000000
0.804199 0.000000
0.804443 0.000000
0.804688 0.000000
0.804932 0.000000
0.805176 0.000000
0.805420 0.000000
0.805664 0.000000
0.805908 0.000000
0.806152 0.000000
0.806396 0.000000
0.806641 0.000000
0.806885 0.000000
0.807129 0.000000
0.807373 0.000000
0.807617 0.000000
0.807861 0.000000
0.808105 0.000000
0.808350 0.000000
0.808594 0.000000
0.808838 0.000000
0.809082 0.000000
0.809326 0.000000
0.809570 0.000000
0.809814 0.000000
0.810059 0.000000
0.810303 0.000000
0.810547 0.000000
0.810791 0.000000
0.811035 0.000000
0.811279 0.000000
0.811523 0.000000
0.811768 0.000000
0.812012 0.000000
0.812256 0.000000
0.812500 0.000000
0.812744 0.000000
0.812988 0.000000
0.813232 0.000000
0.813477 0.000000
0.813721 0.000000
0.813965 0.000000
0.814209 0.000000
0.814453 0.000000
0.814697 0.000000
0.814941 0.000000
0.815186 0.000000
0.815430 0.000000
0.815674 0.000000
0.815918 0.000000
0.816162 0.000000
0.816406 0.000000
0.816650 0.000000
0.816895 0.000000
0.817139 0.000000
0.817383 0.000000
0.817627 0.000000
0.817871 0.000000
0.818115 0.000000
0.818359 0.000000
0.818604 0.000000
0.818848 0.000000
0.819092 0.000000
0.819336 0.000000
0.819580 0.000000
0.819824 0.000000
0.820068 0.000000
0.820312 0.000000
0.820557 0.000000
0.820801 0.000000
0.821045 0.000000
0.821289 0.000000
0.821533 0.000000
0.821777 0.000000
0.822021 0.000000
0.822266 0.000000
0.822510 0.000000
0.822754 0.000000
0.822998 0.000000
0.823242 0.000000
0.823486 0.000000
0.823730 0.000000
0.823975 0.000000
0.824219 0.000000
0.824463 0.000000
0.824707 0.000000
0.824951 0.000000
0.825195 0.000000
0.825439 0.000000
0.825684 0.000000
0.825928 0.000000
0.826172 0.000000
0.826416 0.000000
0.826660 0.000000
0.826904 0.000000
0.827148 0.000000
0.827393 0.000000
0.827637 0.000000
0.827881 0.000000
0.828125 0.000000
0.828369 0.000000
0.828613 0.000000
0.828857 0.000000
0.829102 0.000000
0.829346 0.000000
0.829590 0.000000
0.829834 0.000000
0.830078 0.000000
0.830322 0.000000
0.830566 0.000000
0.830811 0.000000
0.831055 0.000000
0.831299 0.000000
0.831543 0.000000
0.831787 0.000000
0.832031 0.000000
0.832275 0.000000
0.832520 0.000000
0.832764 0.000000
0.833008 0.000000
0.833252 0.000000
0.833496 0.000000
0.833740 0.000000
0.833984 0.000000
0.834229 0.000000
0.834473 0.000000
0.834717 0.000000
0.834961 0.000000
0.835205 0.000000
0.835449 0.000000
0.835693 0.000000
0.835938 0.000000
0.836182 0.000000
0.836426 0.000000
0.836670 0.000000
0.836914 0.000000
0.837158 0.000000
0.837402 0.000000
0.837646 0.000000
0.837891 0.000000
0.838135 0.000000
0.838379 0.000000
0.838623 0.000000
0.838867 0.000000
0.839111 0.000000
0.839355 0.000000
0.839600 0.000000
0.839844 0.000000
0.840088 0.000000
0.840332 0.000000
0.840576 0.000000
0.840820 0.000000
0.841064 0.000000
0.841309 0.000000
0.841553 0.000000
0.841797 0.000000
0.842041 0.000000
0.842285 0.000000
0.842529 0.000000
0.842773 0.000000
0.843018 0.000000
0.843262 0.000000
0.843506 0.000000
0.843750 0.000000
0.843994 0.000000
0.844238 0.000000
0.844482 0.000000
0.844727 0.000000
0.844971 0.000000
0.845215 0.000000
0.845459 0.000000
0.845703 0.000000
0.845947 0.000000
0.846191 0.000000
0.846436 0.000000
0.846680 0.000000
0.846924 0.000000
0.847168 0.000000
0.847412 0.000000
0.847656 0.000000
0.847900 0.000000
0.848145 0.000000
0.848389 0.000000
0.848633 0.000000
0.848877 0.000000
0.849121 0.000000
0.849365 0.000000
0.849609 0.000000
0.849854 0.000000
0.850098 0.000000
0.850342 0.000000
0.850586 0.000000
0.850830 0.000000
0.851074 0.000000
0.851318 0.000000
0.851562 0.000000
0.851807 0.000000
0.852051 0.000000
0.852295 0.000000
0.852539 0.000000
0.852783 0.000000
0.853027 0.000000
0.853271 0.000000
0.853516 0.000000
0.853760 0.000000
0.854004 0.000000
0.854248 0.000000
0.854492 0.000000
0.854736 0.000000
0.854980 0.000000
0.855225 0.000000
0.855469 0.000000
0.855713 0.000000
0.855957 0.000000
0.856201 0.000000
0.856445 0.000000
0.856689 0.000000
0.856934 0.000000
0.857178 0.000000
0.857422 0.000000
0.857666 0.000000
0.857910 0.000000
0.858154 0.000000
0.858398 0.000000
0.858643 0.000000
0.858887 0.000000
0.859131 0.000000
0.859375 0.000000
0.859619 0.000000
0.859863 0.000000
0.860107 0.000000
0.860352 0.000000
0.860596 0.000000
0.860840 0.000000
0.861084 0.000000
0.861328 0.000000
0.861572 0.000000
0.861816 0.000000
0.862061 0.000000
0.862305 0.000000
0.862549 0.000000
0.862793 0.000000
0.863037 0.000000
0.863281 0.000000
0.863525 0.000000
0.863770 0.000000
0.864014 0.000000
0.864258 0.000000
0.864502 0.000000
0.864746 0.000000
0.864990 0.000000
0.865234 0.000000
0.865479 0.000000
0.865723 0.000000
0.865967 0.000000
0.866211 0.000000
0.866455 0.000000
0.866699 0.000000
0.866943 0.000000
0.867188 0.000000
0.867432 0.000000
0.867676 0.000000
0.867920 0.000000
0.868164 0.000000
0.868408 0.000000
0.868652 0.000000
0.868896 0.000000
0.869141 0.000000
0.869385 0.000000
0.869629 0.000000
0.869873 0.000000
0.870117 0.000000
0.870361 0.000000
0.870605 0.000000
0.870850 0.000000
0.871094 0.000000
0.871338 0.000000
0.871582 0.000000
0.871826 0.000000
0.872070 0.000000
0.872314 0.000000
0.872559 0.000000
0.872803 0.000000
0.873047 0.000000
0.873291 0.000000
0.873535 0.000000
0.873779 0.000000
0.874023 0.000000
0.874268 0.000000
0.874512 0.000000
0.874756 0.000000
0.875000 0.000000
0.875244 0.000000
0.875488 0.000000
0.875732 0.000000
0.875977 0.000000
0.876221 0.000000
0.876465 0.000000
0.876709 0.000000
0.876953 0.000000
0.877197 0.000000
0.877441 0.000000
0.877686 0.000000
0.877930 0.000000
0.878174 0.000000
0.878418 0.000000
0.878662 0.000000
0.878906 0.000000
0.879150 0.000000
0.879395 0.000000
0.879639 0.000000
0.879883 0.000000
0.880127 0.000000
0.880371 0.000000
0.880615 0.000000
0.880859 0.000000
0.881104 0.000000
0.881348 0.000000
0.881592 0.000000
0.881836 0.000000
0.882080 0.000000
0.882324 0.000000
0.882568 0.000000
0.882812 0.000000
0.883057 0.000000
0.883301 0.000000
0.883545 0.000000
0.883789 0.000000
0.884033 0.000000
0.884277 0.000000
0.884521 0.000000
0.884766 0.000000
0.885010 0.000000
0.885254 0.000000
0.885498 0.000000
0.885742 0.000000
0.885986 0.000000
0.886230 0.000000
0.886475 0.000000
0.886719 0.000000
0.886963 0.000000
0.887207 0.000000
0.887451 0.000000
0.887695 0.000000
0.887939 0.000000
0.888184 0.000000
0.888428 0.000000
0.888672 0.000000
0.888916 0.000000
0.889160 0.000000
0.889404 0.000000
0.889648 0.000000
0.889893 0.000000
0.890137 0.000000
0.890381 0.000000
0.890625 0.000000
0.890869 0.000000
0.891113 0.000000
0.891357 0.000000
0.891602 0.000000
0.891846 0.000000
0.892090 0.000000
0.892334 0.000000
0.892578 0.000000
0.892822 0.000000
0.893066 0.000000
0.893311 0.000000
0.893555 0.000000
0.893799 0.000000
0.894043 0.000000
0.894287 0.000000
0.894531 0.000000
0.894775 0.000000
0.895020 0.000000
0.895264 0.000000
0.895508 0.000000
0.895752 0.000000
0.895996 0.000000
0.896240 0.000000
0.896484 0.000000
0.896729 0.000000
0.896973 0.000000
0.897217 0.000000
0.897461 0.000000
0.897705 0.000000
0.897949 0.000000
0.898193 0.000000
0.898438 0.000000
0.898682 0.000000
0.898926 0.000000
0.899170 0.000000
0.899414 0.000000
0.899658 0.000000
0.899902 0.000000
0.900146 0.000000
0.900391 0.000000
0.900635 0.000000
0.900879 0.000000
0.901123 0.000000
0.901367 0.000000
0.901611 0.000000
0.901855 0.000000
0.902100 0.000000
0.902344 0.000000
0.902588 0.000000
0.902832 0.000000
0.903076 0.000000
0.903320 0.000000
0.903564 0.000000
0.903809 0.000000
0.904053 0.000000
0.904297 0.000000
0.904541 0.000000
0.904785 0.000000
0.905029 0.000000
0.905273 0.000000
0.905518 0.000000
0.905762 0.000000
0.906006 0.000000
0.906250 0.000000
0.906494 0.000000
0.906738 0.000000
0.906982 0.000000
0.907227 0.000000
0.907471 0.000000
0.907715 0.000000
0.907959 0.000000
0.908203 0.000000
0.908447 0.000000
0.908691 0.000000
0.908936 0.000000
0.909180 0.000000
0.909424 0.000000
0.909668 0.000000
0.909912 0.000000
0.910156 0.000000
0.910400 0.000000
0.910645 0.000000
0.910889 0.000000
0.911133 0.000000
0.911377 0.000000
0.911621 0.000000
0.911865 0.000000
0.912109 0.000000
0.912354 0.000000
0.912598 0.000000
0.912842 0.000000
0.913086 0.000000
0.913330 0.000000
0.913574 0.000000
0.913818 0.000000
0.914062 0.000000
0.914307 0.000000
0.914551 0.000000
0.914795 0.000000
0.915039 0.000000
0.915283 0.000000
0.915527 0.000000
0.915771 0.000000
0.916016 0.000000
0.916260 0.000000
0.916504 0.000000
0.916748 0.000000
0.916992 0.000000
0.917236 0.000000
0.917480 0.000000
0.917725 0.000000
0.917969 0.000000
0.918213 0.000000
0.918457 0.000000
0.918701 0.000000
0.918945 0.000000
0.919189 0.000000
0.919434 0.000000
0.919678 0.000000
0.919922 0.000000
0.920166 0.000000
0.920410 0.000000
0.920654 0.000000
0.920898 0.000000
0.921143 0.000000
0.921387 0.000000
0.921631 0.000000
0.921875 0.000000
0.922119 0.000000
0.922363 0.000000
0.922607 0.000000
0.922852 0.000000
0.923096 0.000000
0.923340 0.000000
0.923584 0.000000
0.923828 0.000000
0.924072 0.000000
0.924316 0.000000
0.924561 0.000000
0.924805 0.000000
0.925049 0.000000
0.925293 0.000000
0.925537 0.000000
0.925781 0.000000
0.926025 0.000000
0.926270 0.000000
0.926514 0.000000
0.926758 0.000000
0.927002 0.000000
0.927246 0.000000
0.927490 0.000000
0.927734 0.000000
0.927979 0.000000
0.928223 0.000000
0.928467 0.000000
0.928711 0.000000
0.928955 0.000000
0.929199 0.000000
0.929443 0.000000
0.929688 0.000000
0.929932 0.000000
0.930176 0.000000
0.930420 0.000000
0.930664 0.000000
0.930908 0.000000
0.931152 0.000000
0.931396 0.000000
0.931641 0.000000
0.931885 0.000000
0.932129 0.000000
0.932373 0.000000
0.932617 0.000000
0.932861 0.000000
0.933105 0.000000
0.933350 0.000000
0.933594 0.000000
0.933838 0.000000
0.934082 0.000000
0.934326 0.000000
0.934570 0.000000
0.934814 0.000000
0.935059 0.000000
0.935303 0.000000
0.935547 0.000000
0.935791 0.000000
0.936035 0.000000
0.936279 0.000000
0.936523 0.000000
0.936768 0.000000
0.937012 0.000000
0.937256 0.000000
0.937500 0.000000
0.937744 0.000000
0.937988 0.000000
0.938232 0.000000
0.938477 0.000000
0.938721 0.000000
0.938965 0.000000
0.939209 0.000000
0.939453 0.000000
0.939697 0.000000
0.939941 0.000000
0.940186 0.000000
0.940430 0.000000
0.940674 0.000000
0.940918 0.000000
0.941162 0.000000
0.941406 0.000000
0.941650 0.000000
0.941895 0.000000
0.942139 0.000000
0.942383 0.000000
0.942627 0.000000
0.942871 0.000000
0.943115 0.000000
0.943359 0.000000
0.943604 0.000000
0.943848 0.000000
0.944092 0.000000
0.944336 0.000000
0.944580 0.000000
0.944824 0.000000
0.945068 0.000000
0.945312 0.000000
0.945557 0.000000
0.945801 0.000000
0.946045 0.000000
0.946289 0.000000
0.946533 0.000000
0.946777 0.000000
0.947021 0.000000
0.947266 0.000000
0.947510 0.000000
0.947754 0.000000
0.947998 0.000000
0.948242 0.000000
0.948486 0.000000
0.948730 0.000000
0.948975 0.000000
0.949219 0.000000
0.949463 0.000000
0.949707 0.000000
0.949951 0.000000
0.950195 0.000000
0.950439 0.000000
0.950684 0.000000
0.950928 0.000000
0.951172 0.000000
0.951416 0.000000
0.951660 0.000000
0.951904 0.000000
0.952148 0.000000
0.952393 0.000000
0.952637 0.000000
0.952881 0.000000
0.953125 0.000000
0.953369 0.000000
0.953613 0.000000
0.953857 0.000000
0.954102 0.000000
0.954346 0.000000
0.954590 0.000000
0.954834 0.000000
0.955078 0.000000
0.955322 0.000000
0.955566 0.000000
0.955811 0.000000
0.956055 0.000000
0.956299 0.000000
0.956543 0.000000
0.956787 0.000000
0.957031 0.000000
0.957275 0.000000
0.957520 0.000000
0.957764 0.000000
0.958008 0.000000
0.958252 0.000000
0.958496 0.000000
0.958740 0.000000
0.958984 0.000000
0.959229 0.000000
0.959473 0.000000
0.959717 0.000000
0.959961 0.000000
0.960205 0.000000
0.960449 0.000000
0.960693 0.000000
0.960938 0.000000
0.961182 0.000000
0.961426 0.000000
0.961670 0.000000
0.961914 0.000000
0.962158 0.000000
0.962402 0.000000
0.962646 0.000000
0.962891 0.000000
0.963135 0.000000
0.963379 0.000000
0.963623 0.000000
0.963867 0.000000
0.964111 0.000000
0.964355 0.000000
0.964600 0.000000
0.964844 0.000000
0.965088 0.000000
0.965332 0.000000
0.965576 0.000000
0.965820 0.000000
0.966064 0.000000
0.966309 0.000000
0.966553 0.000000
0.966797 0.000000
0.967041 0.000000
0.967285 0.000000
0.967529 0.000000
0.967773 0.000000
0.968018 0.000000
0.968262 0.000000
0.968506 0.000000
0.968750 0.000000
0.968994 0.000000
0.969238 0.000000
0.969482 0.000000
0.969727 0.000000
0.969971 0.000000
0.970215 0.000000
0.970459 0.000000
0.970703 0.000000
0.970947 0.000000
0.971191 0.000000
0.971436 0.000000
0.971680 0.000000
0.971924 0.000000
0.972168 0.000000
0.972412 0.000000
0.972656 0.000000
0.972900 0.000000
0.973145 0.000000
0.973389 0.000000
0.973633 0.000000
0.973877 0.000000
0.974121 0.000000
0.974365 0.000000
0.974609 0.000000
0.974854 0.000000
0.975098 0.000000
0.975342 0.000000
0.975586 0.000000
0.975830 0.000000
0.976074 0.000000
0.976318 0.000000
0.976562 0.000000
0.976807 0.000000
0.977051 0.000000
0.977295 0.000000
0.977539 0.000000
0.977783 0.000000
0.978027 0.000000
0.978271 0.000000
0.978516 0.000000
0.978760 0.000000
0.979004 0.000000
0.979248 0.000000
0.979492 0.000000
0.979736 0.000000
0.979980 0.000000
0.980225 0.000000
0.980469 0.000000
0.980713 0.000000
0.980957 0.000000
0.981201 0.000000
0.981445 0.000000
0.981689 0.000000
0.981934 0.000000
0.982178 0.000000
0.982422 0.000000
0.982666 0.000000
0.982910 0.000000
0.983154 0.000000
0.983398 0.000000
0.983643 0.000000
0.983887 0.000000
0.984131 0.000000
0.984375 0.000000
0.984619 0.000000
0.984863 0.000000
0.985107 0.000000
0.985352 0.000000
0.985596 0.000000
0.985840 0.000000
0.986084 0.000000
0.986328 0.000000
0.986572 0.000000
0.986816 0.000000
0.987061 0.000000
0.987305 0.000000
0.987549 0.000000
0.987793 0.000000
0.988037 0.000000
0.988281 0.000000
0.988525 0.000000
0.988770 0.000000
0.989014 0.000000
0.989258 0.000000
0.989502 0.000000
0.989746 0.000000
0.989990 0.000000
0.990234 0.000000
0.990479 0.000000
0.990723 0.000000
0.990967 0.000000
0.991211 0.000000
0.991455 0.000000
0.991699 0.000000
0.991943 0.000000
0.992188 0.000000
0.992432 0.000000
0.992676 0.000000
0.992920 0.000000
0.993164 0.000000
0.993408 0.000000
0.993652 0.000000
0.993896 0.000000
0.994141 0.000000
0.994385 0.000000
0.994629 0.000000
0.994873 0.000000
0.995117 0.000000
0.995361 0.000000
0.995605 0.000000
0.995850 0.000000
0.996094 0.000000
0.996338 0.000000
0.996582 0.000000
0.996826 0.000000
0.997070 0.000000
0.997314 0.000000
0.997559 0.000000
0.997803 0.000000
0.998047 0.000000
0.998291 0.000000
0.998535 0.000000
0.998779 0.000000
0.999023 0.000000
0.999268 0.000000
0.999512 0.000000
0.999756 0.000000
