p lcorrect lwrong lexpected
0.0001 1.00018 0.999939 1
0.00260576 1.00636 0.998075 1.00015
0.00511153 1.01389 0.996105 1.00057
0.00761729 1.02271 0.99403 1.00124
0.0101231 1.03275 0.991853 1.00216
0.0126288 1.04397 0.989573 1.00331
0.0151346 1.05631 0.987192 1.00468
0.0176404 1.0697 0.98471 1.00626
0.0201461 1.08412 0.98213 1.00804
0.0226519 1.09952 0.979451 1.01
0.0251576 1.11584 0.976676 1.01215
0.0276634 1.13306 0.973804 1.01448
0.0301692 1.15114 0.970837 1.01697
0.0326749 1.17005 0.967776 1.01961
0.0351807 1.18975 0.964622 1.02241
0.0376865 1.2102 0.961375 1.02536
0.0401922 1.2314 0.958037 1.02845
0.042698 1.25329 0.954609 1.03167
0.0452038 1.27587 0.951092 1.03502
0.0477095 1.2991 0.947486 1.03849
0.0502153 1.32296 0.943792 1.04208
0.0527211 1.34744 0.940011 1.04579
0.0552268 1.3725 0.936145 1.04961
0.0577326 1.39813 0.932193 1.05353
0.0602383 1.42432 0.928158 1.05755
0.0627441 1.45104 0.924039 1.06167
0.0652499 1.47827 0.919838 1.06589
0.0677556 1.506 0.915555 1.0702
0.0702614 1.53422 0.911191 1.07459
0.0727672 1.5629 0.906747 1.07907
0.0752729 1.59204 0.902224 1.08364
0.0777787 1.62163 0.897622 1.08828
0.0802845 1.65164 0.892943 1.09299
0.0827902 1.68207 0.888187 1.09778
0.085296 1.7129 0.883355 1.10264
0.0878018 1.74413 0.878448 1.10757
0.0903075 1.77573 0.873466 1.11257
0.0928133 1.80772 0.86841 1.11762
0.095319 1.84006 0.863281 1.12275
0.0978248 1.87276 0.85808 1.12793
0.100331 1.9058 0.852807 1.13316
0.102836 1.93918 0.847463 1.13846
0.105342 1.97288 0.842049 1.14381
0.107848 2.00691 0.836566 1.14921
0.110354 2.04124 0.831014 1.15466
0.112859 2.07588 0.825393 1.16016
0.115365 2.11081 0.819705 1.16571
0.117871 2.14604 0.813951 1.1713
0.120377 2.18155 0.80813 1.17694
0.122882 2.21734 0.802244 1.18262
0.125388 2.25339 0.796293 1.18834
0.127894 2.28972 0.790278 1.19411
0.1304 2.3263 0.7842 1.19991
0.132906 2.36314 0.778059 1.20575
0.135411 2.40023 0.771855 1.21163
0.137917 2.43756 0.765591 1.21754
0.140423 2.47513 0.759265 1.22349
0.142929 2.51294 0.752878 1.22948
0.145434 2.55097 0.746433 1.23549
0.14794 2.58924 0.739928 1.24154
0.150446 2.62772 0.733364 1.24762
0.152952 2.66643 0.726743 1.25372
0.155457 2.70535 0.720064 1.25986
0.157963 2.74448 0.713328 1.26602
0.160469 2.78381 0.706537 1.27222
0.162975 2.82335 0.69969 1.27844
0.16548 2.8631 0.692787 1.28468
0.167986 2.90304 0.685831 1.29095
0.170492 2.94317 0.67882 1.29724
0.172998 2.9835 0.671757 1.30356
0.175504 3.02401 0.66464 1.3099
0.178009 3.06471 0.657471 1.31626
0.180515 3.1056 0.650251 1.32265
0.183021 3.14666 0.642979 1.32905
0.185527 3.18791 0.635657 1.33548
0.188032 3.22933 0.628285 1.34192
0.190538 3.27093 0.620863 1.34839
0.193044 3.31269 0.613392 1.35487
0.19555 3.35463 0.605873 1.36137
0.198055 3.39674 0.598306 1.36789
0.200561 3.43901 0.590691 1.37443
0.203067 3.48144 0.583029 1.38098
0.205573 3.52404 0.575321 1.38755
0.208078 3.5668 0.567567 1.39414
0.210584 3.60972 0.559768 1.40074
0.21309 3.65279 0.551923 1.40736
0.215596 3.69603 0.544034 1.41399
0.218102 3.73941 0.536101 1.42063
0.220607 3.78295 0.528124 1.42729
0.223113 3.82665 0.520105 1.43397
0.225619 3.87049 0.512043 1.44065
0.228125 3.91448 0.503939 1.44735
0.23063 3.95862 0.495793 1.45406
0.233136 4.00291 0.487606 1.46079
0.235642 4.04735 0.479378 1.46752
0.238148 4.09193 0.47111 1.47427
0.240653 4.13665 0.462803 1.48103
0.243159 4.18152 0.454456 1.4878
0.245665 4.22653 0.44607 1.49458
0.248171 4.27168 0.437646 1.50137
0.250676 4.31697 0.429183 1.50817
0.253182 4.3624 0.420684 1.51498
0.255688 4.40798 0.412147 1.5218
0.258194 4.45369 0.403573 1.52863
0.260699 4.49954 0.394964 1.53547
0.263205 4.54552 0.386318 1.54232
0.265711 4.59165 0.377637 1.54917
0.268217 4.63791 0.368921 1.55604
0.270723 4.68431 0.360171 1.56291
0.273228 4.73084 0.351386 1.5698
0.275734 4.77751 0.342568 1.57669
0.27824 4.82431 0.333717 1.58359
0.280746 4.87125 0.324833 1.59049
0.283251 4.91832 0.315916 1.59741
0.285757 4.96552 0.306967 1.60433
0.288263 5.01286 0.297987 1.61126
0.290769 5.06033 0.288975 1.61819
0.293274 5.10794 0.279933 1.62513
0.29578 5.15568 0.27086 1.63208
0.298286 5.20355 0.261757 1.63904
0.300792 5.25155 0.252625 1.646
0.303297 5.29969 0.243463 1.65297
0.305803 5.34796 0.234273 1.65995
0.308309 5.39636 0.225054 1.66693
0.310815 5.44489 0.215807 1.67391
0.313321 5.49356 0.206532 1.68091
0.315826 5.54236 0.19723 1.68791
0.318332 5.59129 0.187901 1.69491
0.320838 5.64036 0.178546 1.70192
0.323344 5.68956 0.169164 1.70894
0.325849 5.73889 0.159757 1.71596
0.328355 5.78835 0.150324 1.72299
0.330861 5.83795 0.140867 1.73002
0.333367 5.88768 0.131384 1.73706
0.335872 5.93754 0.121878 1.74411
0.338378 5.98754 0.112347 1.75115
0.340884 6.03768 0.102793 1.75821
0.34339 6.08794 0.0932156 1.76527
0.345895 6.13835 0.0836155 1.77233
0.348401 6.18888 0.0739929 1.7794
0.350907 6.23956 0.0643483 1.78647
0.353413 6.29037 0.0546819 1.79355
0.355919 6.34131 0.0449942 1.80064
0.358424 6.39239 0.0352854 1.80772
0.36093 6.44361 0.025556 1.81482
0.363436 6.49497 0.0158063 1.82192
0.365942 6.54646 0.00603669 1.82902
0.368447 6.5981 -0.00375256 1.83613
0.370953 6.64987 -0.013561 1.84324
0.373459 6.70178 -0.0233884 1.85035
0.375965 6.75383 -0.0332344 1.85747
0.37847 6.80603 -0.0430985 1.8646
0.380976 6.85836 -0.0529804 1.87173
0.383482 6.91084 -0.0628799 1.87887
0.385988 6.96345 -0.0727966 1.886
0.388493 7.01621 -0.08273 1.89315
0.390999 7.06912 -0.0926799 1.9003
0.393505 7.12217 -0.102646 1.90745
0.396011 7.17536 -0.112628 1.91461
0.398517 7.22871 -0.122625 1.92177
0.401022 7.28219 -0.132638 1.92894
0.403528 7.33583 -0.142665 1.93611
0.406034 7.38961 -0.152706 1.94328
0.40854 7.44354 -0.162762 1.95046
0.411045 7.49762 -0.172831 1.95765
0.413551 7.55186 -0.182914 1.96484
0.416057 7.60624 -0.19301 1.97203
0.418563 7.66078 -0.203119 1.97923
0.421068 7.71547 -0.21324 1.98644
0.423574 7.77031 -0.223373 1.99364
0.42608 7.82531 -0.233518 2.00086
0.428586 7.88046 -0.243675 2.00808
0.431091 7.93578 -0.253842 2.0153
0.433597 7.99125 -0.26402 2.02253
0.436103 8.04688 -0.274209 2.02976
0.438609 8.10267 -0.284408 2.037
0.441115 8.15862 -0.294616 2.04424
0.44362 8.21473 -0.304834 2.05149
0.446126 8.271 -0.315061 2.05874
0.448632 8.32745 -0.325297 2.066
0.451138 8.38405 -0.335541 2.07326
0.453643 8.44082 -0.345793 2.08053
0.456149 8.49777 -0.356053 2.0878
0.458655 8.55488 -0.366321 2.09508
0.461161 8.61216 -0.376595 2.10236
0.463666 8.66961 -0.386877 2.10965
0.466172 8.72723 -0.397165 2.11695
0.468678 8.78503 -0.407459 2.12425
0.471184 8.84301 -0.417758 2.13156
0.473689 8.90116 -0.428064 2.13887
0.476195 8.95949 -0.438374 2.14619
0.478701 9.018 -0.448689 2.15351
0.481207 9.07669 -0.459009 2.16084
0.483713 9.13557 -0.469333 2.16817
0.486218 9.19462 -0.47966 2.17552
0.488724 9.25387 -0.489991 2.18286
0.49123 9.3133 -0.500326 2.19022
0.493736 9.37292 -0.510663 2.19758
0.496241 9.43273 -0.521002 2.20495
0.498747 9.49273 -0.531344 2.21232
0.501253 9.55292 -0.541687 2.2197
0.503759 9.61331 -0.552032 2.22709
0.506264 9.6739 -0.562378 2.23448
0.50877 9.73468 -0.572725 2.24188
0.511276 9.79567 -0.583072 2.24929
0.513782 9.85685 -0.59342 2.2567
0.516287 9.91825 -0.603767 2.26412
0.518793 9.97984 -0.614114 2.27155
0.521299 10.0416 -0.62446 2.27899
0.523805 10.1037 -0.634804 2.28643
0.526311 10.1659 -0.645147 2.29388
0.528816 10.2283 -0.655488 2.30134
0.531322 10.291 -0.665827 2.30881
0.533828 10.3539 -0.676163 2.31628
0.536334 10.4169 -0.686496 2.32376
0.538839 10.4803 -0.696826 2.33126
0.541345 10.5438 -0.707152 2.33875
0.543851 10.6076 -0.717474 2.34626
0.546357 10.6715 -0.727792 2.35378
0.548862 10.7358 -0.738105 2.3613
0.551368 10.8002 -0.748413 2.36884
0.553874 10.8649 -0.758716 2.37638
0.55638 10.9298 -0.769012 2.38393
0.558885 10.995 -0.779303 2.39149
0.561391 11.0604 -0.789587 2.39906
0.563897 11.1261 -0.799864 2.40664
0.566403 11.192 -0.810134 2.41423
0.568909 11.2581 -0.820396 2.42183
0.571414 11.3245 -0.830651 2.42944
0.57392 11.3912 -0.840896 2.43706
0.576426 11.4581 -0.851134 2.4447
0.578932 11.5253 -0.861362 2.45234
0.581437 11.5927 -0.87158 2.45999
0.583943 11.6604 -0.881789 2.46765
0.586449 11.7284 -0.891987 2.47532
0.588955 11.7967 -0.902175 2.48301
0.59146 11.8652 -0.912351 2.4907
0.593966 11.934 -0.922516 2.49841
0.596472 12.0031 -0.93267 2.50613
0.598978 12.0725 -0.942811 2.51386
0.601483 12.1421 -0.952939 2.52161
0.603989 12.2121 -0.963054 2.52936
0.606495 12.2823 -0.973156 2.53713
0.609001 12.3529 -0.983244 2.54491
0.611507 12.4237 -0.993318 2.55271
0.614012 12.4949 -1.00338 2.56051
0.616518 12.5663 -1.01342 2.56834
0.619024 12.6381 -1.02345 2.57617
0.62153 12.7102 -1.03346 2.58402
0.624035 12.7826 -1.04346 2.59188
0.626541 12.8554 -1.05344 2.59976
0.629047 12.9284 -1.0634 2.60765
0.631553 13.0019 -1.07334 2.61555
0.634058 13.0756 -1.08327 2.62348
0.636564 13.1497 -1.09317 2.63141
0.63907 13.2241 -1.10306 2.63936
0.641576 13.2989 -1.11293 2.64733
0.644081 13.374 -1.12278 2.65532
0.646587 13.4495 -1.1326 2.66332
0.649093 13.5254 -1.14241 2.67133
0.651599 13.6016 -1.1522 2.67937
0.654105 13.6782 -1.16196 2.68742
0.65661 13.7552 -1.1717 2.69549
0.659116 13.8326 -1.18142 2.70357
0.661622 13.9104 -1.19111 2.71168
0.664128 13.9885 -1.20078 2.7198
0.666633 14.0671 -1.21042 2.72794
0.669139 14.1461 -1.22004 2.7361
0.671645 14.2254 -1.22964 2.74428
0.674151 14.3052 -1.2392 2.75248
0.676656 14.3855 -1.24875 2.7607
0.679162 14.4661 -1.25826 2.76894
0.681668 14.5472 -1.26774 2.7772
0.684174 14.6288 -1.2772 2.78548
0.686679 14.7108 -1.28663 2.79379
0.689185 14.7932 -1.29603 2.80211
0.691691 14.8761 -1.3054 2.81046
0.694197 14.9595 -1.31473 2.81883
0.696703 15.0434 -1.32404 2.82723
0.699208 15.1277 -1.33331 2.83564
0.701714 15.2126 -1.34255 2.84408
0.70422 15.2979 -1.35176 2.85255
0.706726 15.3838 -1.36093 2.86104
0.709231 15.4702 -1.37007 2.86956
0.711737 15.5571 -1.37917 2.8781
0.714243 15.6445 -1.38824 2.88667
0.716749 15.7325 -1.39727 2.89526
0.719254 15.8211 -1.40626 2.90388
0.72176 15.9102 -1.41521 2.91253
0.724266 15.9998 -1.42412 2.92121
0.726772 16.0901 -1.433 2.92992
0.729277 16.181 -1.44183 2.93866
0.731783 16.2724 -1.45062 2.94742
0.734289 16.3645 -1.45937 2.95622
0.736795 16.4572 -1.46807 2.96505
0.739301 16.5505 -1.47674 2.97391
0.741806 16.6445 -1.48535 2.9828
0.744312 16.7392 -1.49392 2.99173
0.746818 16.8345 -1.50245 3.00069
0.749324 16.9305 -1.51092 3.00968
0.751829 17.0272 -1.51935 3.01871
0.754335 17.1246 -1.52773 3.02777
0.756841 17.2228 -1.53605 3.03688
0.759347 17.3217 -1.54433 3.04602
0.761852 17.4213 -1.55255 3.05519
0.764358 17.5217 -1.56072 3.06441
0.766864 17.623 -1.56883 3.07366
0.76937 17.725 -1.57689 3.08296
0.771875 17.8278 -1.58489 3.0923
0.774381 17.9315 -1.59283 3.10168
0.776887 18.036 -1.60072 3.1111
0.779393 18.1414 -1.60854 3.12057
0.781898 18.2477 -1.6163 3.13008
0.784404 18.3549 -1.62399 3.13964
0.78691 18.463 -1.63163 3.14925
0.789416 18.5721 -1.63919 3.1589
0.791922 18.6821 -1.64669 3.16861
0.794427 18.7932 -1.65412 3.17836
0.796933 18.9053 -1.66148 3.18817
0.799439 19.0184 -1.66876 3.19803
0.801945 19.1326 -1.67598 3.20795
0.80445 19.2479 -1.68311 3.21792
0.806956 19.3643 -1.69017 3.22794
0.809462 19.4819 -1.69716 3.23803
0.811968 19.6007 -1.70406 3.24818
0.814473 19.7207 -1.71087 3.25838
0.816979 19.8419 -1.71761 3.26865
0.819485 19.9644 -1.72426 3.27899
0.821991 20.0882 -1.73081 3.28939
0.824496 20.2134 -1.73728 3.29986
0.827002 20.3399 -1.74366 3.3104
0.829508 20.4679 -1.74994 3.32101
0.832014 20.5973 -1.75612 3.3317
0.83452 20.7283 -1.7622 3.34246
0.837025 20.8608 -1.76818 3.3533
0.839531 20.9949 -1.77406 3.36422
0.842037 21.1306 -1.77983 3.37522
0.844543 21.268 -1.78548 3.38631
0.847048 21.4072 -1.79102 3.39748
0.849554 21.5482 -1.79645 3.40874
0.85206 21.6911 -1.80175 3.4201
0.854566 21.8359 -1.80693 3.43156
0.857071 21.9827 -1.81199 3.44311
0.859577 22.1315 -1.81691 3.45476
0.862083 22.2825 -1.82169 3.46652
0.864589 22.4357 -1.82634 3.47839
0.867094 22.5912 -1.83085 3.49037
0.8696 22.7491 -1.83521 3.50247
0.872106 22.9094 -1.83941 3.51469
0.874612 23.0723 -1.84346 3.52703
0.877118 23.2378 -1.84734 3.5395
0.879623 23.4061 -1.85106 3.55211
0.882129 23.5773 -1.8546 3.56485
0.884635 23.7515 -1.85796 3.57774
0.887141 23.9288 -1.86114 3.59078
0.889646 24.1093 -1.86412 3.60398
0.892152 24.2933 -1.8669 3.61733
0.894658 24.4809 -1.86948 3.63086
0.897164 24.6721 -1.87183 3.64457
0.899669 24.8673 -1.87397 3.65845
0.902175 25.0666 -1.87587 3.67253
0.904681 25.2702 -1.87752 3.68682
0.907187 25.4784 -1.87892 3.70131
0.909692 25.6913 -1.88005 3.71602
0.912198 25.9093 -1.8809 3.73097
0.914704 26.1326 -1.88147 3.74615
0.91721 26.3615 -1.88172 3.7616
0.919716 26.5964 -1.88166 3.77732
0.922221 26.8377 -1.88126 3.79332
0.924727 27.0857 -1.8805 3.80962
0.927233 27.341 -1.87937 3.82624
0.929739 27.6039 -1.87784 3.8432
0.932244 27.8751 -1.87589 3.86053
0.93475 28.1552 -1.87349 3.87823
0.937256 28.4448 -1.87062 3.89635
0.939762 28.7448 -1.86724 3.91491
0.942267 29.0559 -1.86332 3.93394
0.944773 29.3792 -1.85882 3.95348
0.947279 29.7157 -1.85369 3.97358
0.949785 30.0668 -1.84789 3.99426
0.95229 30.4339 -1.84135 4.0156
0.954796 30.8187 -1.83401 4.03766
0.957302 31.2232 -1.8258 4.06049
0.959808 31.6498 -1.81663 4.08419
0.962314 32.1013 -1.8064 4.10885
0.964819 32.581 -1.79498 4.13459
0.967325 33.0932 -1.78223 4.16154
0.969831 33.6429 -1.76797 4.18988
0.972337 34.2366 -1.75198 4.2198
0.974842 34.8826 -1.734 4.25159
0.977348 35.5917 -1.71366 4.28556
0.979854 36.3788 -1.69051 4.32217
0.98236 37.2645 -1.66392 4.36203
0.984865 38.2788 -1.633 4.406
0.987371 39.4683 -1.59643 4.45538
0.989877 40.9107 -1.55211 4.51222
0.992383 42.7505 -1.49629 4.58023
0.994888 45.3091 -1.42125 4.66712
0.997394 49.5901 -1.30498 4.795
0.9999 70.0484 -0.915113 5.204
